0,261.6255653005986
300,-1
2400,261.6255653005986
2700,-1
4800,233.0818807590449
7200,-1
7200,207.65234878997256
7500,-1
8400,195.99771799087466
9600,-1
9600,261.6255653005986
9900,-1
12000,261.6255653005986
12300,-1
14400,207.65234878997256
16800,-1
16800,195.99771799087466
17100,-1
18000,195.99771799087466
18225,-1
18300,195.99771799087466
18525,-1
18600,195.99771799087466
18825,-1
19200,195.99771799087466
19350,-1
19350,130.8127826502993
19425,-1
19425,130.8127826502993
19500,-1
19500,130.8127826502993
19575,-1
19575,130.8127826502993
19650,-1
19650,130.8127826502993
19725,-1
19725,130.8127826502993
19800,-1
19800,130.8127826502993
19875,-1
19875,130.8127826502993
19950,-1
19950,130.8127826502993
20025,-1
20025,130.8127826502993
20100,-1
20100,130.8127826502993
20175,-1
20175,130.8127826502993
20250,-1
20250,130.8127826502993
20325,-1
20325,130.8127826502993
20400,-1
20400,130.8127826502993
20475,-1
20475,130.8127826502993
20550,-1
20550,130.8127826502993
20625,-1
20625,130.8127826502993
20700,-1
20700,130.8127826502993
20775,-1
20775,130.8127826502993
20850,-1
20850,130.8127826502993
20925,-1
20925,130.8127826502993
21000,-1
21000,130.8127826502993
21075,-1
21075,130.8127826502993
21150,-1
21150,130.8127826502993
21225,-1
21225,130.8127826502993
21300,-1
21300,130.8127826502993
21375,-1
21375,130.8127826502993
21450,-1
21450,130.8127826502993
21525,-1
21525,130.8127826502993
21600,-1
21600,155.56349186104046
21750,-1
21750,103.82617439498628
21825,-1
21825,103.82617439498628
21900,-1
21900,103.82617439498628
21975,-1
21975,103.82617439498628
22050,-1
22050,103.82617439498628
22125,-1
22125,103.82617439498628
22200,-1
22200,103.82617439498628
22275,-1
22275,103.82617439498628
22350,-1
22350,103.82617439498628
22425,-1
22425,103.82617439498628
22500,-1
22500,103.82617439498628
22575,-1
22575,103.82617439498628
22650,-1
22650,103.82617439498628
22725,-1
22725,103.82617439498628
22800,-1
22800,103.82617439498628
22875,-1
22875,103.82617439498628
22950,-1
22950,103.82617439498628
23025,-1
23025,103.82617439498628
23100,-1
23100,103.82617439498628
23175,-1
23175,103.82617439498628
23250,-1
23250,103.82617439498628
23325,-1
23325,103.82617439498628
23400,-1
23400,103.82617439498628
23475,-1
23475,103.82617439498628
23550,-1
23550,103.82617439498628
23625,-1
23625,103.82617439498628
23700,-1
23700,103.82617439498628
23775,-1
23775,103.82617439498628
23850,-1
23850,103.82617439498628
23925,-1
23925,103.82617439498628
24000,-1
24000,130.8127826502993
24150,-1
24150,87.30705785825097
24225,-1
24225,87.30705785825097
24300,-1
24300,87.30705785825097
24375,-1
24375,87.30705785825097
24450,-1
24450,87.30705785825097
24525,-1
24525,87.30705785825097
24600,-1
24600,87.30705785825097
24675,-1
24675,87.30705785825097
24750,-1
24750,87.30705785825097
24825,-1
24825,87.30705785825097
24900,-1
24900,87.30705785825097
24975,-1
24975,87.30705785825097
25050,-1
25050,87.30705785825097
25125,-1
25125,87.30705785825097
25200,-1
25200,87.30705785825097
25275,-1
25275,87.30705785825097
25350,-1
25350,87.30705785825097
25425,-1
25425,87.30705785825097
25500,-1
25500,87.30705785825097
25575,-1
25575,87.30705785825097
25650,-1
25650,87.30705785825097
25725,-1
25725,87.30705785825097
25800,-1
25800,87.30705785825097
25875,-1
25875,87.30705785825097
25950,-1
25950,87.30705785825097
26025,-1
26025,87.30705785825097
26100,-1
26100,87.30705785825097
26175,-1
26175,87.30705785825097
26250,-1
26250,87.30705785825097
26325,-1
26325,87.30705785825097
26400,-1
26400,155.56349186104046
26550,-1
26550,103.82617439498628
26625,-1
26625,103.82617439498628
26700,-1
26700,103.82617439498628
26775,-1
26775,103.82617439498628
26850,-1
26850,103.82617439498628
26925,-1
26925,103.82617439498628
27000,-1
27000,103.82617439498628
27075,-1
27075,103.82617439498628
27150,-1
27150,103.82617439498628
27225,-1
27225,103.82617439498628
27300,-1
27300,103.82617439498628
27375,-1
27375,103.82617439498628
27450,-1
27450,103.82617439498628
27525,-1
27525,103.82617439498628
27600,-1
27600,103.82617439498628
27675,-1
27675,103.82617439498628
27750,-1
27750,103.82617439498628
27825,-1
27825,103.82617439498628
27900,-1
27900,103.82617439498628
27975,-1
27975,103.82617439498628
28050,-1
28050,103.82617439498628
28125,-1
28125,103.82617439498628
28200,-1
28200,103.82617439498628
28275,-1
28275,103.82617439498628
28350,-1
28350,103.82617439498628
28425,-1
28425,103.82617439498628
28500,-1
28500,103.82617439498628
28575,-1
28575,103.82617439498628
28650,-1
28650,103.82617439498628
28725,-1
28725,103.82617439498628
28800,-1
28800,195.99771799087466
28950,-1
28950,130.8127826502993
29025,-1
29025,130.8127826502993
29100,-1
29100,130.8127826502993
29175,-1
29175,130.8127826502993
29250,-1
29250,130.8127826502993
29325,-1
29325,130.8127826502993
29400,-1
29400,130.8127826502993
29475,-1
29475,130.8127826502993
29550,-1
29550,130.8127826502993
29625,-1
29625,130.8127826502993
29700,-1
29700,130.8127826502993
29775,-1
29775,130.8127826502993
29850,-1
29850,130.8127826502993
29925,-1
29925,130.8127826502993
30000,-1
30000,130.8127826502993
30075,-1
30075,130.8127826502993
30150,-1
30150,130.8127826502993
30225,-1
30225,130.8127826502993
30300,-1
30300,130.8127826502993
30375,-1
30375,130.8127826502993
30450,-1
30450,130.8127826502993
30525,-1
30525,130.8127826502993
30600,-1
30600,130.8127826502993
30675,-1
30675,130.8127826502993
30750,-1
30750,130.8127826502993
30825,-1
30825,130.8127826502993
30900,-1
30900,130.8127826502993
30975,-1
30975,130.8127826502993
31050,-1
31050,130.8127826502993
31125,-1
31125,130.8127826502993
31200,-1
31200,155.56349186104046
31350,-1
31350,103.82617439498628
31425,-1
31425,103.82617439498628
31500,-1
31500,103.82617439498628
31575,-1
31575,103.82617439498628
31650,-1
31650,103.82617439498628
31725,-1
31725,103.82617439498628
31800,-1
31800,103.82617439498628
31875,-1
31875,103.82617439498628
31950,-1
31950,103.82617439498628
32025,-1
32025,103.82617439498628
32100,-1
32100,103.82617439498628
32175,-1
32175,103.82617439498628
32250,-1
32250,103.82617439498628
32325,-1
32325,103.82617439498628
32400,-1
32400,103.82617439498628
32475,-1
32475,103.82617439498628
32550,-1
32550,103.82617439498628
32625,-1
32625,103.82617439498628
32700,-1
32700,103.82617439498628
32775,-1
32775,103.82617439498628
32850,-1
32850,103.82617439498628
32925,-1
32925,103.82617439498628
33000,-1
33000,103.82617439498628
33075,-1
33075,103.82617439498628
33150,-1
33150,103.82617439498628
33225,-1
33225,103.82617439498628
33300,-1
33300,103.82617439498628
33375,-1
33375,103.82617439498628
33450,-1
33450,103.82617439498628
33525,-1
33525,103.82617439498628
33600,-1
33600,130.8127826502993
33750,-1
33750,87.30705785825097
33825,-1
33825,87.30705785825097
33900,-1
33900,87.30705785825097
33975,-1
33975,87.30705785825097
34050,-1
34050,87.30705785825097
34125,-1
34125,87.30705785825097
34200,-1
34200,87.30705785825097
34275,-1
34275,87.30705785825097
34350,-1
34350,87.30705785825097
34425,-1
34425,87.30705785825097
34500,-1
34500,87.30705785825097
34575,-1
34575,87.30705785825097
34650,-1
34650,87.30705785825097
34725,-1
34725,87.30705785825097
34800,-1
34800,87.30705785825097
34875,-1
34875,87.30705785825097
34950,-1
34950,87.30705785825097
35025,-1
35025,87.30705785825097
35100,-1
35100,87.30705785825097
35175,-1
35175,87.30705785825097
35250,-1
35250,87.30705785825097
35325,-1
35325,87.30705785825097
35400,-1
35400,87.30705785825097
35475,-1
35475,87.30705785825097
35550,-1
35550,87.30705785825097
35625,-1
35625,87.30705785825097
35700,-1
35700,87.30705785825097
35775,-1
35775,87.30705785825097
35850,-1
35850,87.30705785825097
35925,-1
35925,87.30705785825097
36000,-1
36000,155.56349186104046
36150,-1
36150,103.82617439498628
36225,-1
36225,103.82617439498628
36300,-1
36300,103.82617439498628
36375,-1
36375,103.82617439498628
36450,-1
36450,103.82617439498628
36525,-1
36525,103.82617439498628
36600,-1
36600,103.82617439498628
36675,-1
36675,103.82617439498628
36750,-1
36750,103.82617439498628
36825,-1
36825,103.82617439498628
36900,-1
36900,103.82617439498628
36975,-1
36975,103.82617439498628
37050,-1
37050,103.82617439498628
37125,-1
37125,103.82617439498628
37200,-1
37200,103.82617439498628
37275,-1
37275,103.82617439498628
37350,-1
37350,103.82617439498628
37425,-1
37425,103.82617439498628
37500,-1
37500,103.82617439498628
37575,-1
37575,103.82617439498628
37650,-1
37650,103.82617439498628
37725,-1
37725,103.82617439498628
37800,-1
37800,103.82617439498628
37875,-1
37875,103.82617439498628
37950,-1
37950,103.82617439498628
38025,-1
38025,103.82617439498628
38100,-1
38100,103.82617439498628
38175,-1
38175,103.82617439498628
38250,-1
38250,103.82617439498628
38325,-1
38325,103.82617439498628
38400,-1
38400,261.6255653005986
38700,-1
40800,207.65234878997256
41100,-1
43200,233.0818807590449
43500,-1
45600,233.0818807590449
45825,-1
45900,233.0818807590449
46125,-1
46200,233.0818807590449
46350,-1
46350,233.0818807590449
46800,-1
46800,261.6255653005986
47100,-1
48000,195.99771799087466
48150,-1
48150,130.8127826502993
48225,-1
48225,130.8127826502993
48300,-1
48300,130.8127826502993
48375,-1
48375,130.8127826502993
48450,-1
48450,130.8127826502993
48525,-1
48525,130.8127826502993
48600,-1
48600,130.8127826502993
48675,-1
48675,130.8127826502993
48750,-1
48750,130.8127826502993
48825,-1
48825,130.8127826502993
48900,-1
48900,130.8127826502993
48975,-1
48975,130.8127826502993
49050,-1
49050,130.8127826502993
49125,-1
49125,130.8127826502993
49200,-1
49200,130.8127826502993
49275,-1
49275,130.8127826502993
49350,-1
49350,130.8127826502993
49425,-1
49425,130.8127826502993
49500,-1
49500,130.8127826502993
49575,-1
49575,130.8127826502993
49650,-1
49650,130.8127826502993
49725,-1
49725,130.8127826502993
49800,-1
49800,195.99771799087466
49950,-1
49950,195.99771799087466
50100,-1
50100,233.0818807590449
50250,-1
50250,261.6255653005986
50400,-1
50400,155.56349186104046
50550,-1
50550,103.82617439498628
50625,-1
50625,103.82617439498628
50700,-1
50700,103.82617439498628
50775,-1
50775,103.82617439498628
50850,-1
50850,103.82617439498628
50925,-1
50925,103.82617439498628
51000,-1
51000,103.82617439498628
51075,-1
51075,103.82617439498628
51150,-1
51150,103.82617439498628
51225,-1
51225,103.82617439498628
51300,-1
51300,103.82617439498628
51375,-1
51375,103.82617439498628
51450,-1
51450,103.82617439498628
51525,-1
51525,103.82617439498628
51600,-1
51600,103.82617439498628
51675,-1
51675,103.82617439498628
51750,-1
51750,103.82617439498628
51825,-1
51825,103.82617439498628
51900,-1
51900,103.82617439498628
51975,-1
51975,103.82617439498628
52050,-1
52050,103.82617439498628
52125,-1
52125,103.82617439498628
52200,-1
52200,103.82617439498628
52275,-1
52275,103.82617439498628
52350,-1
52350,103.82617439498628
52425,-1
52425,103.82617439498628
52500,-1
52500,103.82617439498628
52575,-1
52575,103.82617439498628
52650,-1
52650,103.82617439498628
52725,-1
52725,103.82617439498628
52800,-1
52800,174.61411571650194
52950,-1
52950,116.54094037952248
53025,-1
53025,116.54094037952248
53100,-1
53100,116.54094037952248
53175,-1
53175,116.54094037952248
53250,-1
53250,233.0818807590449
54000,-1
54000,174.61411571650194
54150,-1
54150,116.54094037952248
54225,-1
54225,116.54094037952248
54300,-1
54300,116.54094037952248
54375,-1
54375,116.54094037952248
54450,-1
54450,233.0818807590449
55200,-1
55200,130.8127826502993
55350,-1
55350,130.8127826502993
55500,-1
55500,195.99771799087466
55650,-1
55650,130.8127826502993
55800,-1
55800,130.8127826502993
55950,-1
55950,130.8127826502993
56100,-1
56100,195.99771799087466
56250,-1
56250,130.8127826502993
56400,-1
56400,130.8127826502993
56550,-1
56550,261.6255653005986
56850,-1
56850,233.0818807590449
57000,-1
57000,261.6255653005986
57150,-1
57150,130.8127826502993
57300,-1
57300,130.8127826502993
57450,-1
57450,130.8127826502993
57600,-1
57600,195.99771799087466
57750,-1
57750,130.8127826502993
57825,-1
57825,130.8127826502993
57900,-1
57900,130.8127826502993
57975,-1
57975,130.8127826502993
58050,-1
58050,130.8127826502993
58125,-1
58125,130.8127826502993
58200,-1
58200,130.8127826502993
58275,-1
58275,130.8127826502993
58350,-1
58350,130.8127826502993
58425,-1
58425,130.8127826502993
58500,-1
58500,130.8127826502993
58575,-1
58575,130.8127826502993
58650,-1
58650,130.8127826502993
58725,-1
58725,130.8127826502993
58800,-1
58800,130.8127826502993
58875,-1
58875,130.8127826502993
58950,-1
58950,130.8127826502993
59025,-1
59025,130.8127826502993
59100,-1
59100,130.8127826502993
59175,-1
59175,130.8127826502993
59250,-1
59250,130.8127826502993
59325,-1
59325,130.8127826502993
59400,-1
59400,130.8127826502993
59475,-1
59475,130.8127826502993
59550,-1
59550,130.8127826502993
59625,-1
59625,130.8127826502993
59700,-1
59700,130.8127826502993
59775,-1
59775,130.8127826502993
59850,-1
59850,130.8127826502993
59925,-1
59925,130.8127826502993
60000,-1
60000,155.56349186104046
60150,-1
60150,103.82617439498628
60225,-1
60225,103.82617439498628
60300,-1
60300,103.82617439498628
60375,-1
60375,103.82617439498628
60450,-1
60450,103.82617439498628
60525,-1
60525,103.82617439498628
60600,-1
60600,103.82617439498628
60675,-1
60675,103.82617439498628
60750,-1
60750,103.82617439498628
60825,-1
60825,103.82617439498628
60900,-1
60900,103.82617439498628
60975,-1
60975,103.82617439498628
61050,-1
61050,103.82617439498628
61125,-1
61125,103.82617439498628
61200,-1
61200,103.82617439498628
61275,-1
61275,103.82617439498628
61350,-1
61350,103.82617439498628
61425,-1
61425,103.82617439498628
61500,-1
61500,103.82617439498628
61575,-1
61575,103.82617439498628
61650,-1
61650,103.82617439498628
61725,-1
61725,103.82617439498628
61800,-1
61800,103.82617439498628
61875,-1
61875,103.82617439498628
61950,-1
61950,103.82617439498628
62025,-1
62025,103.82617439498628
62100,-1
62100,103.82617439498628
62175,-1
62175,103.82617439498628
62250,-1
62250,103.82617439498628
62325,-1
62325,103.82617439498628
62400,-1
62400,116.54094037952248
62550,-1
62550,116.54094037952248
62625,-1
62625,116.54094037952248
62700,-1
62700,116.54094037952248
62850,-1
62850,116.54094037952248
63000,-1
63000,174.61411571650194
63150,-1
63150,116.54094037952248
63300,-1
63300,349.22823143300394
63600,-1
63600,116.54094037952248
63750,-1
63750,116.54094037952248
63825,-1
63825,116.54094037952248
63900,-1
63900,116.54094037952248
64050,-1
64050,116.54094037952248
64200,-1
64200,698.4564628660079
64350,-1
64350,116.54094037952248
64500,-1
64500,698.4564628660079
64800,-1
64800,195.99771799087466
64950,-1
64950,130.8127826502993
65025,-1
65025,130.8127826502993
65100,-1
65100,130.8127826502993
65175,-1
65175,130.8127826502993
65250,-1
65250,130.8127826502993
65325,-1
65325,130.8127826502993
65400,-1
65400,130.8127826502993
65475,-1
65475,130.8127826502993
65550,-1
65550,130.8127826502993
65625,-1
65625,130.8127826502993
65700,-1
65700,130.8127826502993
65775,-1
65775,130.8127826502993
65850,-1
65850,130.8127826502993
65925,-1
65925,130.8127826502993
66000,-1
66150,261.6255653005986
66375,-1
66450,261.6255653005986
66675,-1
66750,261.6255653005986
66975,-1
67050,261.6255653005986
67200,-1
67200,174.61411571650194
69600,-1
69600,261.6255653005986
72000,-1
72000,207.65234878997256
74400,-1
74400,233.0818807590449
74700,-1
74700,116.54094037952248
74850,-1
74850,116.54094037952248
75000,-1
75000,116.54094037952248
75150,-1
75150,116.54094037952248
75300,-1
75300,116.54094037952248
75450,-1
75450,116.54094037952248
75600,-1
75600,233.0818807590449
75825,-1
75900,233.0818807590449
76200,-1
76200,207.65234878997256
76500,-1
76500,233.0818807590449
76800,-1
76800,311.1269837220809
78000,-1
78000,233.0818807590449
79200,-1
79200,207.65234878997256
80400,-1
80400,155.56349186104046
80475,-1
80475,155.56349186104046
80550,-1
80550,155.56349186104046
80700,-1
80700,155.56349186104046
80775,-1
80775,155.56349186104046
80850,-1
80850,155.56349186104046
81000,-1
81000,155.56349186104046
81075,-1
81075,155.56349186104046
81150,-1
81150,155.56349186104046
81300,-1
81300,622.2539674441618
81600,-1
81600,195.99771799087466
81750,-1
81750,130.8127826502993
81900,-1
81900,130.8127826502993
82050,-1
82050,195.99771799087466
82200,-1
82200,130.8127826502993
82350,-1
82350,130.8127826502993
82500,-1
82500,195.99771799087466
82650,-1
82650,130.8127826502993
82800,-1
82800,174.61411571650194
82950,-1
82950,116.54094037952248
83100,-1
83100,116.54094037952248
83250,-1
83250,174.61411571650194
83400,-1
83400,116.54094037952248
83550,-1
83550,116.54094037952248
83700,-1
83700,466.1637615180898
84000,-1
84000,155.56349186104046
84150,-1
84150,103.82617439498628
84225,-1
84225,103.82617439498628
84300,-1
84300,103.82617439498628
84375,-1
84375,103.82617439498628
84450,-1
84450,103.82617439498628
84525,-1
84525,103.82617439498628
84600,-1
84600,103.82617439498628
84675,-1
84675,103.82617439498628
84750,-1
84750,103.82617439498628
84825,-1
84825,103.82617439498628
84900,-1
84900,103.82617439498628
84975,-1
84975,103.82617439498628
85050,-1
85050,103.82617439498628
85125,-1
85125,103.82617439498628
85200,-1
85200,103.82617439498628
85275,-1
85275,103.82617439498628
85350,-1
85350,103.82617439498628
85425,-1
85425,103.82617439498628
85500,-1
85500,103.82617439498628
85575,-1
85575,103.82617439498628
85650,-1
85650,103.82617439498628
85725,-1
85725,103.82617439498628
85800,-1
85800,103.82617439498628
85875,-1
85875,103.82617439498628
85950,-1
85950,103.82617439498628
86025,-1
86025,103.82617439498628
86100,-1
86100,103.82617439498628
86175,-1
86175,103.82617439498628
86250,-1
86250,103.82617439498628
86325,-1
86325,103.82617439498628
86400,-1
86400,261.6255653005986
87600,-1
87600,207.65234878997256
88800,-1
88800,195.99771799087466
88950,-1
88950,130.8127826502993
89100,-1
89100,130.8127826502993
89250,-1
89250,195.99771799087466
89400,-1
89400,130.8127826502993
89550,-1
89550,130.8127826502993
89700,-1
89700,195.99771799087466
89850,-1
89850,130.8127826502993
90000,-1
90000,311.1269837220809
91200,-1
91200,155.56349186104046
91350,-1
91350,103.82617439498628
91425,-1
91425,103.82617439498628
91500,-1
91500,103.82617439498628
91575,-1
91575,103.82617439498628
91650,-1
91650,103.82617439498628
91725,-1
91725,103.82617439498628
91800,-1
91800,103.82617439498628
91875,-1
91875,103.82617439498628
91950,-1
91950,103.82617439498628
92025,-1
92025,103.82617439498628
92100,-1
92100,103.82617439498628
92175,-1
92175,103.82617439498628
92250,-1
92250,103.82617439498628
92325,-1
92325,103.82617439498628
92400,-1
92400,103.82617439498628
92475,-1
92475,103.82617439498628
92550,-1
92550,103.82617439498628
92625,-1
92625,103.82617439498628
92700,-1
92700,103.82617439498628
92775,-1
92775,103.82617439498628
92850,-1
92850,103.82617439498628
92925,-1
92925,103.82617439498628
93000,-1
93000,103.82617439498628
93075,-1
93075,103.82617439498628
93150,-1
93150,103.82617439498628
93225,-1
93225,103.82617439498628
93300,-1
93300,103.82617439498628
93375,-1
93375,103.82617439498628
93450,-1
93450,103.82617439498628
93525,-1
93525,103.82617439498628
93600,-1
93600,174.61411571650194
93750,-1
93750,116.54094037952248
93825,-1
93825,116.54094037952248
93900,-1
93900,116.54094037952248
93975,-1
93975,116.54094037952248
94050,-1
94050,116.54094037952248
94125,-1
94125,116.54094037952248
94200,-1
94200,116.54094037952248
94275,-1
94275,116.54094037952248
94350,-1
94350,116.54094037952248
94425,-1
94425,116.54094037952248
94500,-1
94500,116.54094037952248
94575,-1
94575,116.54094037952248
94650,-1
94650,116.54094037952248
94725,-1
94725,116.54094037952248
94800,-1
94800,233.0818807590449
95100,-1
96000,207.65234878997256
98400,-1
98400,261.6255653005986
100800,-1
100800,174.61411571650194
100950,-1
100950,116.54094037952248
101025,-1
101025,116.54094037952248
101100,-1
101100,116.54094037952248
101175,-1
101175,116.54094037952248
101250,-1
101250,116.54094037952248
101325,-1
101325,116.54094037952248
101400,-1
101400,116.54094037952248
101475,-1
101475,116.54094037952248
101550,-1
101550,116.54094037952248
101625,-1
101625,116.54094037952248
101700,-1
101700,116.54094037952248
101775,-1
101775,116.54094037952248
101850,-1
101850,116.54094037952248
101925,-1
101925,116.54094037952248
102000,-1
102000,116.54094037952248
102075,-1
102075,116.54094037952248
102150,-1
102150,116.54094037952248
102225,-1
102225,116.54094037952248
102300,-1
102300,116.54094037952248
102375,-1
102375,116.54094037952248
102450,-1
102450,116.54094037952248
102525,-1
102525,116.54094037952248
102600,-1
102600,116.54094037952248
102675,-1
102675,116.54094037952248
102750,-1
102750,116.54094037952248
102825,-1
102825,116.54094037952248
102900,-1
102900,116.54094037952248
102975,-1
102975,116.54094037952248
103050,-1
103050,116.54094037952248
103125,-1
103125,116.54094037952248
103200,-1
103200,195.99771799087466
105600,-1
105600,207.65234878997256
108000,-1
108000,261.6255653005986
110400,-1
110400,233.0818807590449
111600,-1
111600,233.0818807590449
111900,-1
112800,261.6255653005986
115200,-1
115200,207.65234878997256
116400,-1
116400,233.0818807590449
117600,-1
117600,261.6255653005986
120000,-1
120000,207.65234878997256
121200,-1
121200,233.0818807590449
122400,-1
122400,261.6255653005986
124800,-1
124800,207.65234878997256
126000,-1
126000,233.0818807590449
127200,-1
127200,261.6255653005986
129600,-1
129600,207.65234878997256
130800,-1
130800,207.65234878997256
131100,-1
131100,233.0818807590449
131400,-1
131400,207.65234878997256
131625,-1
131625,195.99771799087466
131850,-1
131850,174.61411571650194
132000,-1
132000,261.6255653005986
132450,-1
134400,261.6255653005986
134700,-1
134700,130.8127826502993
134850,-1
134850,130.8127826502993
135000,-1
135000,130.8127826502993
135150,-1
135150,130.8127826502993
135300,-1
135300,130.8127826502993
135450,-1
135450,130.8127826502993
135600,-1
135600,130.8127826502993
135750,-1
135750,130.8127826502993
135900,-1
135900,130.8127826502993
136050,-1
136050,130.8127826502993
136200,-1
136200,130.8127826502993
136350,-1
136350,130.8127826502993
136500,-1
136500,130.8127826502993
136650,-1
136650,130.8127826502993
136800,-1
136800,207.65234878997256
137100,-1
137100,103.82617439498628
137250,-1
137250,103.82617439498628
137400,-1
137400,103.82617439498628
137550,-1
137550,103.82617439498628
137700,-1
137700,103.82617439498628
137850,-1
137850,103.82617439498628
138000,-1
138000,103.82617439498628
138150,-1
138150,103.82617439498628
138300,-1
138300,103.82617439498628
138450,-1
138450,103.82617439498628
138600,-1
138600,103.82617439498628
138750,-1
138750,103.82617439498628
138900,-1
138900,103.82617439498628
139050,-1
139050,103.82617439498628
139200,-1
139200,233.0818807590449
139500,-1
139500,116.54094037952248
139650,-1
139650,116.54094037952248
139800,-1
139800,116.54094037952248
139950,-1
139950,116.54094037952248
140100,-1
140100,116.54094037952248
140250,-1
140250,116.54094037952248
140400,-1
140400,116.54094037952248
140550,-1
140550,116.54094037952248
140700,-1
140700,116.54094037952248
140850,-1
140850,116.54094037952248
141000,-1
141000,116.54094037952248
141150,-1
141150,116.54094037952248
141300,-1
141300,116.54094037952248
141450,-1
141450,116.54094037952248
141600,-1
141600,261.6255653005986
141900,-1
142800,261.6255653005986
143100,-1
144000,195.99771799087466
144150,-1
144150,130.8127826502993
144225,-1
144225,130.8127826502993
144300,-1
144300,130.8127826502993
144375,-1
144375,130.8127826502993
144450,-1
144450,130.8127826502993
144525,-1
144525,130.8127826502993
144600,-1
144600,130.8127826502993
144675,-1
144675,130.8127826502993
144750,-1
144750,130.8127826502993
144825,-1
144825,130.8127826502993
144900,-1
144900,130.8127826502993
144975,-1
144975,130.8127826502993
145050,-1
145050,130.8127826502993
145125,-1
145125,130.8127826502993
145200,-1
145200,130.8127826502993
145275,-1
145275,130.8127826502993
145350,-1
145350,130.8127826502993
145425,-1
145425,130.8127826502993
145500,-1
145500,130.8127826502993
145575,-1
145575,130.8127826502993
145650,-1
145650,130.8127826502993
145725,-1
145725,130.8127826502993
145800,-1
145800,130.8127826502993
145875,-1
145875,130.8127826502993
145950,-1
145950,130.8127826502993
146025,-1
146025,130.8127826502993
146100,-1
146100,130.8127826502993
146175,-1
146175,130.8127826502993
146250,-1
146250,130.8127826502993
146325,-1
146325,130.8127826502993
146400,-1
146400,155.56349186104046
146550,-1
146550,103.82617439498628
146625,-1
146625,103.82617439498628
146700,-1
146700,103.82617439498628
146775,-1
146775,103.82617439498628
146850,-1
146850,103.82617439498628
146925,-1
146925,103.82617439498628
147000,-1
147000,103.82617439498628
147075,-1
147075,103.82617439498628
147150,-1
147150,103.82617439498628
147225,-1
147225,103.82617439498628
147300,-1
147300,103.82617439498628
147375,-1
147375,103.82617439498628
147450,-1
147450,103.82617439498628
147525,-1
147525,103.82617439498628
147600,-1
147600,103.82617439498628
147675,-1
147675,103.82617439498628
147750,-1
147750,103.82617439498628
147825,-1
147825,103.82617439498628
147900,-1
147900,103.82617439498628
147975,-1
147975,103.82617439498628
148050,-1
148050,103.82617439498628
148125,-1
148125,103.82617439498628
148200,-1
148200,103.82617439498628
148275,-1
148275,103.82617439498628
148350,-1
148350,103.82617439498628
148425,-1
148425,103.82617439498628
148500,-1
148500,103.82617439498628
148575,-1
148575,103.82617439498628
148650,-1
148650,103.82617439498628
148725,-1
148725,103.82617439498628
148800,-1
148800,174.61411571650194
148950,-1
148950,116.54094037952248
149025,-1
149025,116.54094037952248
149100,-1
149100,116.54094037952248
149175,-1
149175,116.54094037952248
149250,-1
149250,233.0818807590449
150000,-1
150000,174.61411571650194
150150,-1
150150,116.54094037952248
150225,-1
150225,116.54094037952248
150300,-1
150300,116.54094037952248
150375,-1
150375,116.54094037952248
150450,-1
150450,233.0818807590449
151200,-1
151200,130.8127826502993
151350,-1
151350,130.8127826502993
151500,-1
151500,195.99771799087466
151650,-1
151650,130.8127826502993
151800,-1
151800,130.8127826502993
151950,-1
151950,130.8127826502993
152100,-1
152100,195.99771799087466
152250,-1
152250,130.8127826502993
152400,-1
152400,130.8127826502993
152550,-1
152550,261.6255653005986
152850,-1
152850,233.0818807590449
153000,-1
153000,261.6255653005986
153150,-1
153150,130.8127826502993
153300,-1
153300,523.2511306011972
153600,-1
153600,174.61411571650194
156000,-1
156000,261.6255653005986
158400,-1
158400,207.65234878997256
160800,-1
160800,233.0818807590449
161100,-1
161100,116.54094037952248
161250,-1
161250,116.54094037952248
161400,-1
161400,116.54094037952248
161550,-1
161550,116.54094037952248
161700,-1
161700,116.54094037952248
161850,-1
161850,116.54094037952248
162000,-1
162000,233.0818807590449
162225,-1
162300,233.0818807590449
162600,-1
162600,207.65234878997256
162900,-1
162900,233.0818807590449
163200,-1
163200,311.1269837220809
164400,-1
164400,233.0818807590449
165600,-1
165600,207.65234878997256
166800,-1
166800,155.56349186104046
166875,-1
166875,155.56349186104046
166950,-1
166950,155.56349186104046
167100,-1
167100,155.56349186104046
167175,-1
167175,155.56349186104046
167250,-1
167250,155.56349186104046
167400,-1
167400,155.56349186104046
167475,-1
167475,155.56349186104046
167550,-1
167550,155.56349186104046
167700,-1
167700,622.2539674441618
168000,-1
168000,195.99771799087466
168150,-1
168150,130.8127826502993
168300,-1
168300,130.8127826502993
168450,-1
168450,195.99771799087466
168600,-1
168600,130.8127826502993
168750,-1
168750,130.8127826502993
168900,-1
168900,195.99771799087466
169050,-1
169050,130.8127826502993
169200,-1
169200,174.61411571650194
169350,-1
169350,116.54094037952248
169500,-1
169500,116.54094037952248
169650,-1
169650,174.61411571650194
169800,-1
169800,116.54094037952248
169950,-1
169950,116.54094037952248
170100,-1
170100,466.1637615180898
170400,-1
170400,207.65234878997256
172800,-1
172800,261.6255653005986
174000,-1
174000,207.65234878997256
175200,-1
175200,195.99771799087466
175350,-1
175350,130.8127826502993
175500,-1
175500,130.8127826502993
175650,-1
175650,195.99771799087466
175800,-1
175800,130.8127826502993
175950,-1
175950,130.8127826502993
176100,-1
176100,195.99771799087466
176250,-1
176250,130.8127826502993
176400,-1
176400,311.1269837220809
177600,-1
177600,155.56349186104046
177750,-1
177750,103.82617439498628
177825,-1
177825,103.82617439498628
177900,-1
177900,103.82617439498628
177975,-1
177975,103.82617439498628
178050,-1
178050,103.82617439498628
178125,-1
178125,103.82617439498628
178200,-1
178200,103.82617439498628
178275,-1
178275,103.82617439498628
178350,-1
178350,103.82617439498628
178425,-1
178425,103.82617439498628
178500,-1
178500,103.82617439498628
178575,-1
178575,103.82617439498628
178650,-1
178650,103.82617439498628
178725,-1
178725,103.82617439498628
178800,-1
178800,103.82617439498628
178875,-1
178875,103.82617439498628
178950,-1
178950,103.82617439498628
179025,-1
179025,103.82617439498628
179100,-1
179100,103.82617439498628
179175,-1
179175,103.82617439498628
179250,-1
179250,103.82617439498628
179325,-1
179325,103.82617439498628
179400,-1
179400,103.82617439498628
179475,-1
179475,103.82617439498628
179550,-1
179550,103.82617439498628
179625,-1
179625,103.82617439498628
179700,-1
179700,103.82617439498628
179775,-1
179775,103.82617439498628
179850,-1
179850,103.82617439498628
179925,-1
179925,103.82617439498628
180000,-1
180000,174.61411571650194
180150,-1
180150,116.54094037952248
180225,-1
180225,116.54094037952248
180300,-1
180300,116.54094037952248
180375,-1
180375,116.54094037952248
180450,-1
180450,116.54094037952248
180525,-1
180525,116.54094037952248
180600,-1
180600,116.54094037952248
180675,-1
180675,116.54094037952248
180750,-1
180750,116.54094037952248
180825,-1
180825,116.54094037952248
180900,-1
180900,116.54094037952248
180975,-1
180975,116.54094037952248
181050,-1
181050,116.54094037952248
181125,-1
181125,116.54094037952248
181200,-1
181200,233.0818807590449
181500,-1
182400,207.65234878997256
184800,-1
184800,261.6255653005986
187200,-1
187200,174.61411571650194
187350,-1
187350,116.54094037952248
187425,-1
187425,116.54094037952248
187500,-1
187500,116.54094037952248
187575,-1
187575,116.54094037952248
187650,-1
187650,116.54094037952248
187725,-1
187725,116.54094037952248
187800,-1
187800,116.54094037952248
187875,-1
187875,116.54094037952248
187950,-1
187950,116.54094037952248
188025,-1
188025,116.54094037952248
188100,-1
188100,116.54094037952248
188175,-1
188175,116.54094037952248
188250,-1
188250,116.54094037952248
188325,-1
188325,116.54094037952248
188400,-1
188400,116.54094037952248
188475,-1
188475,116.54094037952248
188550,-1
188550,116.54094037952248
188625,-1
188625,116.54094037952248
188700,-1
188700,116.54094037952248
188775,-1
188775,116.54094037952248
188850,-1
188850,116.54094037952248
188925,-1
188925,116.54094037952248
189000,-1
189000,116.54094037952248
189075,-1
189075,116.54094037952248
189150,-1
189150,116.54094037952248
189225,-1
189225,116.54094037952248
189300,-1
189300,116.54094037952248
189375,-1
189375,116.54094037952248
189450,-1
189450,116.54094037952248
189525,-1
189525,116.54094037952248
189600,-1
189600,195.99771799087466
192000,-1
192000,207.65234878997256
194400,-1
194400,261.6255653005986
196800,-1
196800,233.0818807590449
198000,-1
198000,233.0818807590449
198300,-1
199200,261.6255653005986
201600,-1
201600,207.65234878997256
202800,-1
202800,233.0818807590449
204000,-1
204000,261.6255653005986
206400,-1
206400,207.65234878997256
207600,-1
207600,233.0818807590449
208800,-1
208800,261.6255653005986
211200,-1
211200,207.65234878997256
212400,-1
212400,233.0818807590449
213600,-1
213600,261.6255653005986
216000,-1
216000,207.65234878997256
217200,-1
217200,207.65234878997256
217500,-1
217500,233.0818807590449
217800,-1
217800,207.65234878997256
218025,-1
218025,195.99771799087466
218250,-1
218250,174.61411571650194
218400,-1
218400,261.6255653005986
218850,-1
220500,233.0818807590449
220800,-1
220800,261.6255653005986
221100,-1
223050,233.0818807590449
223200,-1
223200,261.6255653005986
223500,-1
225300,233.0818807590449
225600,-1
225600,261.6255653005986
225900,-1
228000,207.65234878997256
230100,-1
230100,233.0818807590449
230400,-1
230400,261.6255653005986
230700,-1
232650,233.0818807590449
232800,-1
232800,261.6255653005986
233100,-1
234900,233.0818807590449
235200,-1
235200,261.6255653005986
235500,-1
237600,207.65234878997256
241200,-1
241200,195.99771799087466
241376,-1
241376,130.8127826502993
241464,-1
241464,130.8127826502993
241552,-1
241552,130.8127826502993
241641,-1
241641,130.8127826502993
241729,-1
241729,130.8127826502993
241817,-1
241817,130.8127826502993
241905,-1
241905,130.8127826502993
241994,-1
241994,130.8127826502993
242082,-1
242082,130.8127826502993
242170,-1
242170,130.8127826502993
242258,-1
242258,130.8127826502993
242347,-1
242347,130.8127826502993
242435,-1
242435,130.8127826502993
242523,-1
242523,130.8127826502993
242611,-1
242611,130.8127826502993
242699,-1
242699,130.8127826502993
242788,-1
242788,130.8127826502993
242876,-1
242876,130.8127826502993
242964,-1
242964,130.8127826502993
243052,-1
243052,130.8127826502993
243141,-1
243141,130.8127826502993
243229,-1
243229,130.8127826502993
243317,-1
243317,130.8127826502993
243405,-1
243405,130.8127826502993
243494,-1
243494,130.8127826502993
243582,-1
243582,130.8127826502993
243670,-1
243670,130.8127826502993
243758,-1
243758,130.8127826502993
243847,-1
243847,130.8127826502993
243935,-1
243935,130.8127826502993
244023,-1
244023,155.56349186104046
244199,-1
244199,103.82617439498628
244288,-1
244288,103.82617439498628
244376,-1
244376,103.82617439498628
244464,-1
244464,103.82617439498628
244552,-1
244552,103.82617439498628
244641,-1
244641,103.82617439498628
244729,-1
244729,103.82617439498628
244817,-1
244817,103.82617439498628
244905,-1
244905,103.82617439498628
244994,-1
244994,103.82617439498628
245082,-1
245082,103.82617439498628
245170,-1
245170,103.82617439498628
245258,-1
245258,103.82617439498628
245347,-1
245347,103.82617439498628
245435,-1
245435,155.56349186104046
245611,-1
245611,103.82617439498628
245699,-1
245699,103.82617439498628
245788,-1
245788,103.82617439498628
245876,-1
245876,103.82617439498628
245964,-1
245964,103.82617439498628
246052,-1
246052,103.82617439498628
246141,-1
246141,174.61411571650194
246317,-1
246317,116.54094037952248
246405,-1
246405,116.54094037952248
246494,-1
246494,116.54094037952248
246582,-1
246582,116.54094037952248
246670,-1
246670,116.54094037952248
246758,-1
246758,116.54094037952248
246847,-1
246847,195.99771799087466
247023,-1
247023,130.8127826502993
247111,-1
247111,130.8127826502993
247199,-1
247199,130.8127826502993
247288,-1
247288,130.8127826502993
247376,-1
247376,130.8127826502993
247464,-1
247464,130.8127826502993
247552,-1
247552,130.8127826502993
247641,-1
247641,130.8127826502993
247729,-1
247729,130.8127826502993
247817,-1
247817,130.8127826502993
247905,-1
247905,130.8127826502993
247994,-1
247994,130.8127826502993
248082,-1
248082,130.8127826502993
248170,-1
248170,130.8127826502993
248258,-1
248258,130.8127826502993
248347,-1
248347,130.8127826502993
248435,-1
248435,130.8127826502993
248523,-1
248523,130.8127826502993
248611,-1
248611,130.8127826502993
248699,-1
248699,130.8127826502993
248788,-1
248788,130.8127826502993
248876,-1
248876,130.8127826502993
248964,-1
248964,130.8127826502993
249052,-1
249052,130.8127826502993
249141,-1
249141,130.8127826502993
249229,-1
249229,130.8127826502993
249317,-1
249317,130.8127826502993
249405,-1
249405,130.8127826502993
249494,-1
249494,130.8127826502993
249582,-1
249582,130.8127826502993
249670,-1
249670,155.56349186104046
249847,-1
249847,103.82617439498628
249935,-1
249935,103.82617439498628
250023,-1
250023,103.82617439498628
250111,-1
250111,103.82617439498628
250199,-1
250199,103.82617439498628
250288,-1
250288,103.82617439498628
250376,-1
250376,103.82617439498628
250464,-1
250464,103.82617439498628
250552,-1
250552,103.82617439498628
250641,-1
250641,103.82617439498628
250729,-1
250729,103.82617439498628
250817,-1
250817,103.82617439498628
250905,-1
250905,103.82617439498628
250994,-1
250994,103.82617439498628
251082,-1
251082,155.56349186104046
251258,-1
251258,103.82617439498628
251347,-1
251347,103.82617439498628
251435,-1
251435,103.82617439498628
251523,-1
251523,103.82617439498628
251611,-1
251611,103.82617439498628
251699,-1
251699,103.82617439498628
251788,-1
251788,174.61411571650194
251964,-1
251964,116.54094037952248
252052,-1
252052,116.54094037952248
252141,-1
252141,116.54094037952248
252229,-1
252229,116.54094037952248
252317,-1
252317,116.54094037952248
252405,-1
252405,116.54094037952248
252494,-1
252494,207.65234878997256
253199,-1
253199,261.6255653005986
253905,-1
253905,233.0818807590449
254611,-1
254611,261.6255653005986
255317,-1
255317,155.56349186104046
255494,-1
255494,103.82617439498628
255582,-1
255582,103.82617439498628
255670,-1
255670,103.82617439498628
255758,-1
255758,103.82617439498628
255847,-1
255847,103.82617439498628
255935,-1
255935,103.82617439498628
256023,-1
256023,103.82617439498628
256111,-1
256111,103.82617439498628
256199,-1
256199,103.82617439498628
256288,-1
256288,103.82617439498628
256376,-1
256376,103.82617439498628
256464,-1
256464,103.82617439498628
256552,-1
256552,103.82617439498628
256641,-1
256641,103.82617439498628
256729,-1
256729,174.61411571650194
256905,-1
256905,116.54094037952248
256994,-1
256994,116.54094037952248
257082,-1
257082,116.54094037952248
257170,-1
257170,116.54094037952248
257258,-1
257258,116.54094037952248
257347,-1
257347,116.54094037952248
257435,-1
257435,116.54094037952248
257523,-1
257523,116.54094037952248
257611,-1
257611,116.54094037952248
257699,-1
257699,116.54094037952248
257788,-1
257788,116.54094037952248
257876,-1
257876,116.54094037952248
257964,-1
257964,116.54094037952248
258052,-1
258052,116.54094037952248
258141,-1
258141,261.6255653005986
258847,-1
258847,207.65234878997256
259552,-1
259552,233.0818807590449
260258,-1
260258,261.6255653005986
260964,-1
260964,146.83238395870376
261141,-1
261141,97.99885899543733
261229,-1
261229,97.99885899543733
261317,-1
261317,97.99885899543733
261405,-1
261405,97.99885899543733
261494,-1
261494,97.99885899543733
261582,-1
261582,97.99885899543733
261670,-1
261670,97.99885899543733
261758,-1
261758,97.99885899543733
261847,-1
261847,97.99885899543733
261935,-1
261935,97.99885899543733
262023,-1
262023,97.99885899543733
262111,-1
262111,97.99885899543733
262199,-1
262199,97.99885899543733
262288,-1
262288,97.99885899543733
262376,-1
262376,207.65234878997256
263082,-1
263082,233.0818807590449
263788,-1
263788,195.99771799087466
263964,-1
263964,130.8127826502993
264052,-1
264052,130.8127826502993
264141,-1
264141,130.8127826502993
264229,-1
264229,130.8127826502993
264317,-1
264317,130.8127826502993
264405,-1
264405,130.8127826502993
264494,-1
264494,130.8127826502993
264582,-1
264582,130.8127826502993
264670,-1
264670,130.8127826502993
264758,-1
264758,130.8127826502993
264847,-1
264847,130.8127826502993
264935,-1
264935,130.8127826502993
265023,-1
265023,130.8127826502993
265111,-1
265111,130.8127826502993
265199,-1
265199,130.8127826502993
265288,-1
265288,130.8127826502993
265376,-1
265376,130.8127826502993
265464,-1
265464,130.8127826502993
265552,-1
265552,130.8127826502993
265641,-1
265641,130.8127826502993
265729,-1
265729,130.8127826502993
265817,-1
265817,130.8127826502993
265905,-1
265905,130.8127826502993
265994,-1
265994,130.8127826502993
266082,-1
266082,130.8127826502993
266170,-1
266170,130.8127826502993
266258,-1
266258,130.8127826502993
266347,-1
266347,130.8127826502993
266435,-1
266435,130.8127826502993
266523,-1
266523,130.8127826502993
266611,-1
266611,155.56349186104046
266788,-1
266788,103.82617439498628
266876,-1
266876,103.82617439498628
266964,-1
266964,103.82617439498628
267052,-1
267052,103.82617439498628
267141,-1
267141,103.82617439498628
267229,-1
267229,103.82617439498628
267317,-1
267317,103.82617439498628
267405,-1
267405,103.82617439498628
267494,-1
267494,103.82617439498628
267582,-1
267582,103.82617439498628
267670,-1
267670,103.82617439498628
267758,-1
267758,103.82617439498628
267847,-1
267847,103.82617439498628
267935,-1
267935,103.82617439498628
268023,-1
268023,155.56349186104046
268199,-1
268199,103.82617439498628
268288,-1
268288,103.82617439498628
268376,-1
268376,103.82617439498628
268464,-1
268464,103.82617439498628
268552,-1
268552,103.82617439498628
268641,-1
268641,103.82617439498628
268729,-1
268729,174.61411571650194
268905,-1
268905,116.54094037952248
268994,-1
268994,116.54094037952248
269082,-1
269082,116.54094037952248
269170,-1
269170,116.54094037952248
269258,-1
269258,116.54094037952248
269347,-1
269347,116.54094037952248
269435,-1
269435,195.99771799087466
269611,-1
269611,130.8127826502993
269699,-1
269699,130.8127826502993
269788,-1
269788,130.8127826502993
269876,-1
269876,130.8127826502993
269964,-1
269964,130.8127826502993
270052,-1
270052,130.8127826502993
270141,-1
270141,130.8127826502993
270229,-1
270229,130.8127826502993
270317,-1
270317,130.8127826502993
270405,-1
270405,130.8127826502993
270494,-1
270494,130.8127826502993
270582,-1
270582,130.8127826502993
270670,-1
270670,130.8127826502993
270758,-1
270758,130.8127826502993
270847,-1
270847,130.8127826502993
270935,-1
270935,130.8127826502993
271023,-1
271023,130.8127826502993
271111,-1
271111,130.8127826502993
271199,-1
271199,130.8127826502993
271288,-1
271288,130.8127826502993
271376,-1
271376,130.8127826502993
271464,-1
271464,130.8127826502993
271552,-1
271552,130.8127826502993
271641,-1
271641,130.8127826502993
271729,-1
271729,130.8127826502993
271817,-1
271817,130.8127826502993
271905,-1
271905,130.8127826502993
271994,-1
271994,130.8127826502993
272082,-1
272082,130.8127826502993
272170,-1
272170,130.8127826502993
272258,-1
272258,155.56349186104046
272435,-1
272435,103.82617439498628
272523,-1
272523,103.82617439498628
272611,-1
272611,103.82617439498628
272699,-1
272699,103.82617439498628
272788,-1
272788,103.82617439498628
272876,-1
272876,103.82617439498628
272964,-1
272964,103.82617439498628
273052,-1
273052,103.82617439498628
273141,-1
273141,103.82617439498628
273229,-1
273229,103.82617439498628
273317,-1
273317,103.82617439498628
273405,-1
273405,103.82617439498628
273494,-1
273494,103.82617439498628
273582,-1
273582,103.82617439498628
273670,-1
273670,155.56349186104046
273847,-1
273847,103.82617439498628
273935,-1
273935,103.82617439498628
274023,-1
274023,103.82617439498628
274111,-1
274111,103.82617439498628
274199,-1
274199,103.82617439498628
274288,-1
274288,103.82617439498628
274376,-1
274376,174.61411571650194
274552,-1
274552,116.54094037952248
274641,-1
274641,116.54094037952248
274729,-1
274729,116.54094037952248
274817,-1
274817,116.54094037952248
274905,-1
274905,116.54094037952248
274994,-1
274994,116.54094037952248
275082,-1
275082,207.65234878997256
275788,-1
275788,261.6255653005986
276494,-1
276494,233.0818807590449
277199,-1
277199,261.6255653005986
277905,-1
277905,155.56349186104046
278082,-1
278082,103.82617439498628
278170,-1
278170,103.82617439498628
278258,-1
278258,103.82617439498628
278347,-1
278347,103.82617439498628
278435,-1
278435,103.82617439498628
278523,-1
278523,103.82617439498628
278611,-1
278611,103.82617439498628
278699,-1
278699,103.82617439498628
278788,-1
278788,103.82617439498628
278876,-1
278876,103.82617439498628
278964,-1
278964,103.82617439498628
279052,-1
279052,103.82617439498628
279141,-1
279141,103.82617439498628
279229,-1
279229,103.82617439498628
279317,-1
279317,174.61411571650194
279494,-1
279494,116.54094037952248
279582,-1
279582,116.54094037952248
279670,-1
279670,116.54094037952248
279758,-1
279758,116.54094037952248
279847,-1
279847,116.54094037952248
279935,-1
279935,116.54094037952248
280023,-1
280023,116.54094037952248
280111,-1
280111,116.54094037952248
280199,-1
280199,116.54094037952248
280288,-1
280288,116.54094037952248
280376,-1
280376,116.54094037952248
280464,-1
280464,116.54094037952248
280552,-1
280552,116.54094037952248
280641,-1
280641,116.54094037952248
280729,-1
280729,261.6255653005986
281435,-1
281435,207.65234878997256
282141,-1
282141,233.0818807590449
282847,-1
282847,261.6255653005986
283552,-1
283552,146.83238395870376
283729,-1
283729,97.99885899543733
283817,-1
283817,97.99885899543733
283905,-1
283905,97.99885899543733
283994,-1
283994,97.99885899543733
284082,-1
284082,97.99885899543733
284170,-1
284170,97.99885899543733
284258,-1
284258,97.99885899543733
284347,-1
284347,97.99885899543733
284435,-1
284435,97.99885899543733
284523,-1
284523,97.99885899543733
284611,-1
284611,97.99885899543733
284699,-1
284699,97.99885899543733
284788,-1
284788,97.99885899543733
284876,-1
284876,97.99885899543733
284964,-1
284964,207.65234878997256
285670,-1
285670,233.0818807590449
286376,-1
286376,261.6255653005986
286676,-1
287576,261.6255653005986
287876,-1
288776,261.6255653005986
289076,-1
289976,207.65234878997256
291176,-1
291176,261.6255653005986
291476,-1
292376,261.6255653005986
292676,-1
293576,261.6255653005986
293876,-1
294776,207.65234878997256
295976,-1
295976,195.99771799087466
297176,-1
298376,195.99771799087466
298526,-1
298526,130.8127826502993
298601,-1
298601,130.8127826502993
298676,-1
298676,130.8127826502993
298751,-1
298751,130.8127826502993
298826,-1
298826,130.8127826502993
298901,-1
298901,130.8127826502993
298976,-1
298976,130.8127826502993
299051,-1
299051,130.8127826502993
299126,-1
299126,130.8127826502993
299201,-1
299201,130.8127826502993
299276,-1
299276,130.8127826502993
299351,-1
299351,130.8127826502993
299426,-1
299426,130.8127826502993
299501,-1
299501,130.8127826502993
299576,-1
299576,130.8127826502993
299651,-1
299651,130.8127826502993
299726,-1
299726,130.8127826502993
299801,-1
299801,130.8127826502993
299876,-1
299876,130.8127826502993
299951,-1
299951,130.8127826502993
300026,-1
300026,130.8127826502993
300101,-1
300101,130.8127826502993
300176,-1
300176,130.8127826502993
300251,-1
300251,130.8127826502993
300326,-1
300326,130.8127826502993
300401,-1
300401,130.8127826502993
300476,-1
300476,130.8127826502993
300551,-1
300551,130.8127826502993
300626,-1
300626,130.8127826502993
300701,-1
300701,130.8127826502993
300776,-1
300776,155.56349186104046
300926,-1
300926,103.82617439498628
301001,-1
301001,103.82617439498628
301076,-1
301076,103.82617439498628
301151,-1
301151,103.82617439498628
301226,-1
301226,103.82617439498628
301301,-1
301301,103.82617439498628
301376,-1
301376,103.82617439498628
301451,-1
301451,103.82617439498628
301526,-1
301526,103.82617439498628
301601,-1
301601,103.82617439498628
301676,-1
301676,103.82617439498628
301751,-1
301751,103.82617439498628
301826,-1
301826,103.82617439498628
301901,-1
301901,103.82617439498628
301976,-1
301976,103.82617439498628
302051,-1
302051,103.82617439498628
302126,-1
302126,103.82617439498628
302201,-1
302201,103.82617439498628
302276,-1
302276,103.82617439498628
302351,-1
302351,103.82617439498628
302426,-1
302426,103.82617439498628
302501,-1
302501,103.82617439498628
302576,-1
302576,103.82617439498628
302651,-1
302651,103.82617439498628
302726,-1
302726,103.82617439498628
302801,-1
302801,103.82617439498628
302876,-1
302876,103.82617439498628
302951,-1
302951,103.82617439498628
303026,-1
303026,103.82617439498628
303101,-1
303101,103.82617439498628
303176,-1
303176,174.61411571650194
303326,-1
303326,116.54094037952248
303401,-1
303401,116.54094037952248
303476,-1
303476,116.54094037952248
303551,-1
303551,116.54094037952248
303626,-1
303626,174.61411571650194
304376,-1
304376,174.61411571650194
304526,-1
304526,116.54094037952248
304601,-1
304601,116.54094037952248
304676,-1
304676,116.54094037952248
304751,-1
304751,116.54094037952248
304826,-1
304826,174.61411571650194
305576,-1
305576,130.8127826502993
305726,-1
305726,130.8127826502993
305876,-1
305876,195.99771799087466
306026,-1
306026,130.8127826502993
306176,-1
306176,130.8127826502993
306326,-1
306326,130.8127826502993
306476,-1
306476,195.99771799087466
306626,-1
306626,130.8127826502993
306776,-1
306776,130.8127826502993
306926,-1
306926,261.6255653005986
307226,-1
307226,233.0818807590449
307376,-1
307376,261.6255653005986
307526,-1
307526,130.8127826502993
307676,-1
307676,130.8127826502993
307826,-1
307826,130.8127826502993
307976,-1
307976,195.99771799087466
308126,-1
308126,130.8127826502993
308201,-1
308201,130.8127826502993
308276,-1
308276,130.8127826502993
308351,-1
308351,130.8127826502993
308426,-1
308426,130.8127826502993
308501,-1
308501,130.8127826502993
308576,-1
308576,130.8127826502993
308651,-1
308651,130.8127826502993
308726,-1
308726,130.8127826502993
308801,-1
308801,130.8127826502993
308876,-1
308876,130.8127826502993
308951,-1
308951,130.8127826502993
309026,-1
309026,130.8127826502993
309101,-1
309101,130.8127826502993
309176,-1
309176,130.8127826502993
309251,-1
309251,130.8127826502993
309326,-1
309326,130.8127826502993
309401,-1
309401,130.8127826502993
309476,-1
309476,130.8127826502993
309551,-1
309551,130.8127826502993
309626,-1
309626,130.8127826502993
309701,-1
309701,130.8127826502993
309776,-1
309776,130.8127826502993
309851,-1
309851,130.8127826502993
309926,-1
309926,130.8127826502993
310001,-1
310001,130.8127826502993
310076,-1
310076,130.8127826502993
310151,-1
310151,130.8127826502993
310226,-1
310226,130.8127826502993
310301,-1
310301,130.8127826502993
310376,-1
310376,155.56349186104046
310526,-1
310526,103.82617439498628
310601,-1
310601,103.82617439498628
310676,-1
310676,103.82617439498628
310751,-1
310751,103.82617439498628
310826,-1
310826,103.82617439498628
310901,-1
310901,103.82617439498628
310976,-1
310976,103.82617439498628
311051,-1
311051,103.82617439498628
311126,-1
311126,103.82617439498628
311201,-1
311201,103.82617439498628
311276,-1
311276,103.82617439498628
311351,-1
311351,103.82617439498628
311426,-1
311426,103.82617439498628
311501,-1
311501,103.82617439498628
311576,-1
311576,103.82617439498628
311651,-1
311651,103.82617439498628
311726,-1
311726,103.82617439498628
311801,-1
311801,103.82617439498628
311876,-1
311876,103.82617439498628
311951,-1
311951,103.82617439498628
312026,-1
312026,103.82617439498628
312101,-1
312101,103.82617439498628
312176,-1
312176,103.82617439498628
312251,-1
312251,103.82617439498628
312326,-1
312326,103.82617439498628
312401,-1
312401,103.82617439498628
312476,-1
312476,103.82617439498628
312551,-1
312551,103.82617439498628
312626,-1
312626,103.82617439498628
312701,-1
312701,103.82617439498628
312776,-1
312776,174.61411571650194
312926,-1
312926,116.54094037952248
313001,-1
313001,116.54094037952248
313076,-1
313076,116.54094037952248
313151,-1
313151,116.54094037952248
313226,-1
313226,116.54094037952248
313301,-1
313301,116.54094037952248
313376,-1
313376,116.54094037952248
313451,-1
313451,116.54094037952248
313526,-1
313526,116.54094037952248
313601,-1
313601,116.54094037952248
313676,-1
313676,116.54094037952248
313751,-1
313751,116.54094037952248
313826,-1
313826,116.54094037952248
313901,-1
313901,116.54094037952248
313976,-1
313976,116.54094037952248
314051,-1
314051,116.54094037952248
314126,-1
314126,116.54094037952248
314201,-1
314201,116.54094037952248
314276,-1
314276,116.54094037952248
314351,-1
314351,116.54094037952248
314426,-1
314426,116.54094037952248
314501,-1
314501,116.54094037952248
314576,-1
314576,116.54094037952248
314651,-1
314651,116.54094037952248
314726,-1
314726,116.54094037952248
314801,-1
314801,116.54094037952248
314876,-1
314876,116.54094037952248
314951,-1
314951,116.54094037952248
315026,-1
315026,116.54094037952248
315101,-1
315101,116.54094037952248
315176,-1
315176,261.6255653005986
316376,-1
316376,261.6255653005986
317576,-1
317576,130.8127826502993
317726,-1
317726,87.30705785825097
317801,-1
317801,87.30705785825097
317876,-1
317876,87.30705785825097
317951,-1
317951,87.30705785825097
318026,-1
318026,87.30705785825097
318101,-1
318101,87.30705785825097
318176,-1
318176,87.30705785825097
318251,-1
318251,87.30705785825097
318326,-1
318326,87.30705785825097
318401,-1
318401,87.30705785825097
318476,-1
318476,87.30705785825097
318551,-1
318551,87.30705785825097
318626,-1
318626,87.30705785825097
318701,-1
318701,87.30705785825097
318776,-1
318776,130.8127826502993
318926,-1
318926,130.8127826502993
319076,-1
319226,130.8127826502993
319376,-1
319376,174.61411571650194
319976,-1
319976,261.6255653005986
320126,-1
320126,261.6255653005986
320276,-1
321026,261.6255653005986
321176,-1
321176,261.6255653005986
321326,-1
321326,261.6255653005986
321476,-1
322376,155.56349186104046
322526,-1
322526,103.82617439498628
322601,-1
322601,103.82617439498628
322676,-1
322676,103.82617439498628
322751,-1
322751,103.82617439498628
322826,-1
322826,103.82617439498628
322901,-1
322901,103.82617439498628
322976,-1
322976,103.82617439498628
323051,-1
323051,103.82617439498628
323126,-1
323126,103.82617439498628
323201,-1
323201,103.82617439498628
323276,-1
323276,103.82617439498628
323351,-1
323351,103.82617439498628
323426,-1
323426,103.82617439498628
323501,-1
323501,103.82617439498628
323576,-1
323576,103.82617439498628
323651,-1
323651,103.82617439498628
323726,-1
323726,103.82617439498628
323801,-1
323801,103.82617439498628
323876,-1
323876,103.82617439498628
323951,-1
323951,103.82617439498628
324026,-1
324026,103.82617439498628
324101,-1
324101,103.82617439498628
324176,-1
324176,103.82617439498628
324251,-1
324251,103.82617439498628
324326,-1
324326,103.82617439498628
324401,-1
324401,103.82617439498628
324476,-1
324476,103.82617439498628
324551,-1
324551,103.82617439498628
324626,-1
324626,103.82617439498628
324701,-1
324701,103.82617439498628
324776,-1
324776,233.0818807590449
325076,-1
326276,233.0818807590449
327176,-1
327176,311.1269837220809
328376,-1
328376,233.0818807590449
329576,-1
329576,207.65234878997256
330776,-1
330776,155.56349186104046
330851,-1
330851,155.56349186104046
330926,-1
330926,155.56349186104046
331076,-1
331076,155.56349186104046
331151,-1
331151,155.56349186104046
331226,-1
331226,155.56349186104046
331376,-1
331376,155.56349186104046
331451,-1
331451,155.56349186104046
331526,-1
331526,155.56349186104046
331676,-1
331676,155.56349186104046
331976,-1
331976,195.99771799087466
332126,-1
332126,130.8127826502993
332201,-1
332201,130.8127826502993
332276,-1
332276,130.8127826502993
332351,-1
332351,130.8127826502993
332426,-1
332426,130.8127826502993
332501,-1
332501,130.8127826502993
332576,-1
332576,130.8127826502993
332651,-1
332651,130.8127826502993
332726,-1
332726,130.8127826502993
332801,-1
332801,130.8127826502993
332876,-1
332876,130.8127826502993
332951,-1
332951,130.8127826502993
333026,-1
333026,130.8127826502993
333101,-1
333101,130.8127826502993
333176,-1
333176,174.61411571650194
333326,-1
333326,116.54094037952248
333401,-1
333401,116.54094037952248
333476,-1
333476,116.54094037952248
333551,-1
333551,116.54094037952248
333626,-1
333626,116.54094037952248
333701,-1
333701,116.54094037952248
333776,-1
333776,116.54094037952248
333851,-1
333851,116.54094037952248
333926,-1
333926,116.54094037952248
334001,-1
334001,116.54094037952248
334076,-1
334076,116.54094037952248
334151,-1
334151,116.54094037952248
334226,-1
334226,116.54094037952248
334301,-1
334301,116.54094037952248
334376,-1
334376,207.65234878997256
336776,-1
336776,261.6255653005986
337976,-1
337976,207.65234878997256
339176,-1
339176,195.99771799087466
339326,-1
339326,130.8127826502993
339476,-1
339476,130.8127826502993
339626,-1
339626,195.99771799087466
339776,-1
339776,130.8127826502993
339926,-1
339926,130.8127826502993
340076,-1
340076,195.99771799087466
340226,-1
340226,130.8127826502993
340376,-1
340376,311.1269837220809
341576,-1
341576,174.61411571650194
343976,-1
343976,261.6255653005986
345176,-1
345176,233.0818807590449
346376,-1
346376,207.65234878997256
348776,-1
348776,261.6255653005986
351176,-1
351176,174.61411571650194
351326,-1
351326,116.54094037952248
351401,-1
351401,116.54094037952248
351476,-1
351476,116.54094037952248
351551,-1
351551,116.54094037952248
351626,-1
351626,116.54094037952248
351701,-1
351701,116.54094037952248
351776,-1
351776,116.54094037952248
351851,-1
351851,116.54094037952248
351926,-1
351926,116.54094037952248
352001,-1
352001,116.54094037952248
352076,-1
352076,116.54094037952248
352151,-1
352151,116.54094037952248
352226,-1
352226,116.54094037952248
352301,-1
352301,116.54094037952248
352376,-1
352376,116.54094037952248
352451,-1
352451,116.54094037952248
352526,-1
352526,116.54094037952248
352601,-1
352601,116.54094037952248
352676,-1
352676,116.54094037952248
352751,-1
352751,116.54094037952248
352826,-1
352826,116.54094037952248
352901,-1
352901,116.54094037952248
352976,-1
352976,116.54094037952248
353051,-1
353051,116.54094037952248
353126,-1
353126,116.54094037952248
353201,-1
353201,116.54094037952248
353276,-1
353276,116.54094037952248
353351,-1
353351,116.54094037952248
353426,-1
353426,116.54094037952248
353501,-1
353501,116.54094037952248
353576,-1
353576,195.99771799087466
354776,-1
354776,207.65234878997256
355376,-1
355376,233.0818807590449
355976,-1
355976,207.65234878997256
358376,-1
358376,130.8127826502993
358526,-1
358526,261.6255653005986
358826,-1
358826,130.8127826502993
358976,-1
358976,130.8127826502993
359126,-1
359126,261.6255653005986
359426,-1
359426,130.8127826502993
359576,-1
359576,130.8127826502993
359726,-1
359726,261.6255653005986
360026,-1
360026,130.8127826502993
360176,-1
360176,130.8127826502993
360326,-1
360326,261.6255653005986
360626,-1
360626,130.8127826502993
360776,-1
360776,233.0818807590449
363176,-1
363176,261.6255653005986
365576,-1
365576,261.6255653005986
367976,-1
367976,207.65234878997256
370376,-1
370376,233.0818807590449
372776,-1
372776,311.1269837220809
375176,-1
375176,261.6255653005986
377576,-1
377576,207.65234878997256
379976,-1
379976,233.0818807590449
382376,-1
382376,195.99771799087466
382676,-1
384776,207.65234878997256
387176,-1
387176,261.6255653005986
389576,-1
389576,174.61411571650194
389726,-1
389726,116.54094037952248
389801,-1
389801,116.54094037952248
389876,-1
389876,116.54094037952248
389951,-1
389951,116.54094037952248
390026,-1
390026,116.54094037952248
390101,-1
390101,116.54094037952248
390176,-1
390176,116.54094037952248
390251,-1
390251,116.54094037952248
390326,-1
390326,116.54094037952248
390401,-1
390401,116.54094037952248
390476,-1
390476,116.54094037952248
390551,-1
390551,116.54094037952248
390626,-1
390626,116.54094037952248
390701,-1
390701,116.54094037952248
390776,-1
390776,116.54094037952248
390851,-1
390851,116.54094037952248
390926,-1
390926,116.54094037952248
391001,-1
391001,116.54094037952248
391076,-1
391076,116.54094037952248
391151,-1
391151,116.54094037952248
391226,-1
391226,116.54094037952248
391301,-1
391301,116.54094037952248
391376,-1
391376,116.54094037952248
391451,-1
391451,116.54094037952248
391526,-1
391526,116.54094037952248
391601,-1
391601,116.54094037952248
391676,-1
391676,116.54094037952248
391751,-1
391751,116.54094037952248
391826,-1
391826,116.54094037952248
391901,-1
391901,116.54094037952248
391976,-1
391976,195.99771799087466
394376,-1
394376,207.65234878997256
396776,-1
396776,261.6255653005986
399176,-1
399176,233.0818807590449
400376,-1
400376,233.0818807590449
400676,-1
401576,195.99771799087466
401726,-1
401726,130.8127826502993
401801,-1
401801,130.8127826502993
401876,-1
401876,130.8127826502993
401951,-1
401951,130.8127826502993
402026,-1
402026,130.8127826502993
402101,-1
402101,130.8127826502993
402176,-1
402176,130.8127826502993
402251,-1
402251,130.8127826502993
402326,-1
402326,130.8127826502993
402401,-1
402401,130.8127826502993
402476,-1
402476,130.8127826502993
402551,-1
402551,130.8127826502993
402626,-1
402626,130.8127826502993
402701,-1
402701,130.8127826502993
402776,-1
402776,130.8127826502993
402851,-1
402851,130.8127826502993
402926,-1
402926,130.8127826502993
403001,-1
403001,130.8127826502993
403076,-1
403076,130.8127826502993
403151,-1
403151,130.8127826502993
403226,-1
403226,130.8127826502993
403301,-1
403301,130.8127826502993
403376,-1
403376,130.8127826502993
403451,-1
403451,130.8127826502993
403526,-1
403526,130.8127826502993
403601,-1
403601,130.8127826502993
403676,-1
403676,130.8127826502993
403751,-1
403751,130.8127826502993
403826,-1
403826,130.8127826502993
403901,-1
403901,130.8127826502993
403976,-1
403976,155.56349186104046
404126,-1
404126,103.82617439498628
404201,-1
404201,103.82617439498628
404276,-1
404276,103.82617439498628
404351,-1
404351,103.82617439498628
404426,-1
404426,103.82617439498628
404501,-1
404501,103.82617439498628
404576,-1
404576,103.82617439498628
404651,-1
404651,103.82617439498628
404726,-1
404726,103.82617439498628
404801,-1
404801,103.82617439498628
404876,-1
404876,103.82617439498628
404951,-1
404951,103.82617439498628
405026,-1
405026,103.82617439498628
405101,-1
405101,103.82617439498628
405176,-1
405176,103.82617439498628
405251,-1
405251,103.82617439498628
405326,-1
405326,103.82617439498628
405401,-1
405401,103.82617439498628
405476,-1
405476,103.82617439498628
405551,-1
405551,103.82617439498628
405626,-1
405626,103.82617439498628
405701,-1
405701,103.82617439498628
405776,-1
405776,103.82617439498628
405851,-1
405851,103.82617439498628
405926,-1
405926,103.82617439498628
406001,-1
406001,103.82617439498628
406076,-1
406076,103.82617439498628
406151,-1
406151,103.82617439498628
406226,-1
406226,103.82617439498628
406301,-1
406301,103.82617439498628
406376,-1
406376,130.8127826502993
406526,-1
406526,87.30705785825097
406601,-1
406601,87.30705785825097
406676,-1
406676,87.30705785825097
406751,-1
406751,87.30705785825097
406826,-1
406826,87.30705785825097
406901,-1
406901,87.30705785825097
406976,-1
406976,87.30705785825097
407051,-1
407051,87.30705785825097
407126,-1
407126,87.30705785825097
407201,-1
407201,87.30705785825097
407276,-1
407276,87.30705785825097
407351,-1
407351,87.30705785825097
407426,-1
407426,87.30705785825097
407501,-1
407501,87.30705785825097
407576,-1
407576,87.30705785825097
407651,-1
407651,87.30705785825097
407726,-1
407726,87.30705785825097
407801,-1
407801,87.30705785825097
407876,-1
407876,87.30705785825097
407951,-1
407951,87.30705785825097
408026,-1
408026,87.30705785825097
408101,-1
408101,87.30705785825097
408176,-1
408176,87.30705785825097
408251,-1
408251,87.30705785825097
408326,-1
408326,87.30705785825097
408401,-1
408401,87.30705785825097
408476,-1
408476,87.30705785825097
408551,-1
408551,87.30705785825097
408626,-1
408626,87.30705785825097
408701,-1
408701,87.30705785825097
408776,-1
408776,155.56349186104046
408926,-1
408926,103.82617439498628
409001,-1
409001,103.82617439498628
409076,-1
409076,103.82617439498628
409151,-1
409151,103.82617439498628
409226,-1
409226,103.82617439498628
409301,-1
409301,103.82617439498628
409376,-1
409376,103.82617439498628
409451,-1
409451,103.82617439498628
409526,-1
409526,103.82617439498628
409601,-1
409601,103.82617439498628
409676,-1
409676,103.82617439498628
409751,-1
409751,103.82617439498628
409826,-1
409826,103.82617439498628
409901,-1
409901,103.82617439498628
409976,-1
409976,103.82617439498628
410051,-1
410051,103.82617439498628
410126,-1
410126,103.82617439498628
410201,-1
410201,103.82617439498628
410276,-1
410276,103.82617439498628
410351,-1
410351,103.82617439498628
410426,-1
410426,103.82617439498628
410501,-1
410501,103.82617439498628
410576,-1
410576,103.82617439498628
410651,-1
410651,103.82617439498628
410726,-1
410726,103.82617439498628
410801,-1
410801,103.82617439498628
410876,-1
410876,103.82617439498628
410951,-1
410951,103.82617439498628
411026,-1
411026,103.82617439498628
411101,-1
411101,103.82617439498628
411176,-1
411176,195.99771799087466
411326,-1
411326,130.8127826502993
411401,-1
411401,130.8127826502993
411476,-1
411476,130.8127826502993
411551,-1
411551,130.8127826502993
411626,-1
411626,130.8127826502993
411701,-1
411701,130.8127826502993
411776,-1
411776,130.8127826502993
411851,-1
411851,130.8127826502993
411926,-1
411926,130.8127826502993
412001,-1
412001,130.8127826502993
412076,-1
412076,130.8127826502993
412151,-1
412151,130.8127826502993
412226,-1
412226,130.8127826502993
412301,-1
412301,130.8127826502993
412376,-1
412376,130.8127826502993
412451,-1
412451,130.8127826502993
412526,-1
412526,130.8127826502993
412601,-1
412601,130.8127826502993
412676,-1
412676,130.8127826502993
412751,-1
412751,130.8127826502993
412826,-1
412826,130.8127826502993
412901,-1
412901,130.8127826502993
412976,-1
412976,130.8127826502993
413051,-1
413051,130.8127826502993
413126,-1
413126,130.8127826502993
413201,-1
413201,130.8127826502993
413276,-1
413276,130.8127826502993
413351,-1
413351,130.8127826502993
413426,-1
413426,130.8127826502993
413501,-1
413501,130.8127826502993
413576,-1
413576,155.56349186104046
413726,-1
413726,103.82617439498628
413801,-1
413801,103.82617439498628
413876,-1
413876,103.82617439498628
413951,-1
413951,103.82617439498628
414026,-1
414026,103.82617439498628
414101,-1
414101,103.82617439498628
414176,-1
414176,103.82617439498628
414251,-1
414251,103.82617439498628
414326,-1
414326,103.82617439498628
414401,-1
414401,103.82617439498628
414476,-1
414476,103.82617439498628
414551,-1
414551,103.82617439498628
414626,-1
414626,103.82617439498628
414701,-1
414701,103.82617439498628
414776,-1
414776,103.82617439498628
414851,-1
414851,103.82617439498628
414926,-1
414926,103.82617439498628
415001,-1
415001,103.82617439498628
415076,-1
415076,103.82617439498628
415151,-1
415151,103.82617439498628
415226,-1
415226,103.82617439498628
415301,-1
415301,103.82617439498628
415376,-1
415376,103.82617439498628
415451,-1
415451,103.82617439498628
415526,-1
415526,103.82617439498628
415601,-1
415601,103.82617439498628
415676,-1
415676,103.82617439498628
415751,-1
415751,103.82617439498628
415826,-1
415826,103.82617439498628
415901,-1
415901,103.82617439498628
415976,-1
415976,130.8127826502993
416126,-1
416126,87.30705785825097
416201,-1
416201,87.30705785825097
416276,-1
416276,87.30705785825097
416351,-1
416351,87.30705785825097
416426,-1
416426,87.30705785825097
416501,-1
416501,87.30705785825097
416576,-1
416576,87.30705785825097
416651,-1
416651,87.30705785825097
416726,-1
416726,87.30705785825097
416801,-1
416801,87.30705785825097
416876,-1
416876,87.30705785825097
416951,-1
416951,87.30705785825097
417026,-1
417026,87.30705785825097
417101,-1
417101,87.30705785825097
417176,-1
417176,87.30705785825097
417251,-1
417251,87.30705785825097
417326,-1
417326,87.30705785825097
417401,-1
417401,87.30705785825097
417476,-1
417476,87.30705785825097
417551,-1
417551,87.30705785825097
417626,-1
417626,87.30705785825097
417701,-1
417701,87.30705785825097
417776,-1
417776,87.30705785825097
417851,-1
417851,87.30705785825097
417926,-1
417926,87.30705785825097
418001,-1
418001,87.30705785825097
418076,-1
418076,87.30705785825097
418151,-1
418151,87.30705785825097
418226,-1
418226,87.30705785825097
418301,-1
418301,87.30705785825097
418376,-1
420776,261.6255653005986
420926,-1
420926,261.6255653005986
421076,-1
421076,261.6255653005986
421226,-1
421226,261.6255653005986
421376,-1
421526,261.6255653005986
421676,-1
421826,261.6255653005986
421976,-1
422126,261.6255653005986
422276,-1
422426,261.6255653005986
422576,-1
422576,261.6255653005986
422726,-1
422726,261.6255653005986
422876,-1
422876,261.6255653005986
423026,-1
423176,311.1269837220809
423326,-1
423326,311.1269837220809
423476,-1
423476,311.1269837220809
423626,-1
423626,311.1269837220809
423776,-1
423926,311.1269837220809
424076,-1
424226,311.1269837220809
424376,-1
424526,311.1269837220809
424676,-1
424826,311.1269837220809
424976,-1
424976,311.1269837220809
425126,-1
425126,311.1269837220809
425276,-1
425276,311.1269837220809
425426,-1
425576,174.61411571650194
425726,-1
425726,174.61411571650194
425876,-1
425876,174.61411571650194
426026,-1
426026,174.61411571650194
426176,-1
426326,174.61411571650194
426476,-1
426626,174.61411571650194
426776,-1
426926,174.61411571650194
427076,-1
427226,174.61411571650194
427376,-1
427376,174.61411571650194
427526,-1
427526,174.61411571650194
427676,-1
427676,174.61411571650194
427826,-1
427976,195.99771799087466
435176,-1
435176,146.83238395870376
435326,-1
435326,146.83238395870376
435476,-1
435476,146.83238395870376
435626,-1
435626,146.83238395870376
435776,-1
435776,146.83238395870376
435926,-1
435926,146.83238395870376
436076,-1
436076,146.83238395870376
436226,-1
436226,146.83238395870376
436376,-1
436376,195.99771799087466
436676,-1
437576,195.99771799087466
437651,-1
437651,195.99771799087466
437726,-1
437726,195.99771799087466
437801,-1
437801,195.99771799087466
437876,-1
437876,195.99771799087466
438176,-1
438176,261.6255653005986
438376,-1
438376,261.6255653005986
438576,-1
438576,261.6255653005986
438776,-1
438776,261.6255653005986
439076,-1
