1750,311.1269837220809
2125,-1
3250,369.9944227116344
3625,-1
4000,415.3046975799452
4375,-1
4937,311.1269837220809
5125,-1
5312,311.1269837220809
5500,-1
5687,311.1269837220809
5875,-1
6062,311.1269837220809
6250,-1
6437,369.9944227116344
6625,-1
6812,369.9944227116344
7000,-1
7187,277.1826309768721
7375,-1
7562,277.1826309768721
7750,-1
7750,311.1269837220809
8125,-1
9250,369.9944227116344
9625,-1
10000,415.3046975799452
10375,-1
10937,311.1269837220809
11125,-1
11312,311.1269837220809
11500,-1
11687,311.1269837220809
11875,-1
12062,311.1269837220809
12250,-1
12250,369.9944227116344
12437,-1
12531,349.22823143300394
12718,-1
12812,329.62755691286986
13000,-1
13093,311.1269837220809
13281,-1
13375,293.66476791740763
13562,-1
13562,277.1826309768721
13750,-1
13750,311.1269837220809
14125,-1
15250,369.9944227116344
15625,-1
16000,415.3046975799452
16375,-1
16750,311.1269837220809
16843,-1
16937,415.3046975799452
17031,-1
17125,369.9944227116344
17218,-1
17218,369.9944227116344
17312,-1
17312,233.0818807590449
17406,-1
17406,233.0818807590449
17500,-1
17500,349.22823143300394
17593,-1
17593,369.9944227116344
17687,-1
17687,349.22823143300394
17781,-1
17781,369.9944227116344
17968,-1
17968,349.22823143300394
18062,-1
18062,311.1269837220809
18156,-1
18156,369.9944227116344
18250,-1
18250,554.3652619537442
18343,-1
18343,369.9944227116344
18437,-1
18437,277.1826309768721
18531,-1
18531,554.3652619537442
18625,-1
18625,349.22823143300394
18718,-1
18718,277.1826309768721
18812,-1
18812,554.3652619537442
18906,-1
18906,329.62755691286986
19000,-1
19000,277.1826309768721
19093,-1
19093,554.3652619537442
19187,-1
19187,311.1269837220809
19281,-1
19281,277.1826309768721
19375,-1
19375,554.3652619537442
19468,-1
19468,293.66476791740763
19562,-1
19562,277.1826309768721
19656,-1
19656,246.94165062806212
19750,-1
19750,311.1269837220809
20125,-1
21250,369.9944227116344
21625,-1
22000,415.3046975799452
22375,-1
22750,311.1269837220809
22843,-1
22937,415.3046975799452
23031,-1
23125,369.9944227116344
23218,-1
23218,369.9944227116344
23312,-1
23312,233.0818807590449
23406,-1
23406,233.0818807590449
23500,-1
23500,349.22823143300394
23593,-1
23593,369.9944227116344
23687,-1
23687,349.22823143300394
23781,-1
23781,369.9944227116344
23968,-1
23968,349.22823143300394
24062,-1
24062,311.1269837220809
24156,-1
24156,369.9944227116344
24250,-1
24250,554.3652619537442
24343,-1
24343,369.9944227116344
24437,-1
24437,277.1826309768721
24531,-1
24531,554.3652619537442
24625,-1
24625,349.22823143300394
24718,-1
24718,277.1826309768721
24812,-1
24812,554.3652619537442
24906,-1
24906,329.62755691286986
25000,-1
25000,277.1826309768721
25093,-1
25093,554.3652619537442
25187,-1
25187,311.1269837220809
25281,-1
25281,277.1826309768721
25375,-1
25375,554.3652619537442
25468,-1
25468,293.66476791740763
25562,-1
25562,277.1826309768721
25656,-1
25656,246.94165062806212
25750,-1
25750,622.2539674441618
25843,-1
25937,830.6093951598904
26031,-1
26125,739.9888454232688
26218,-1
26218,739.9888454232688
26312,-1
26312,466.1637615180898
26406,-1
26406,466.1637615180898
26500,-1
26500,554.3652619537442
26593,-1
26593,698.4564628660079
26687,-1
26687,739.9888454232688
26781,-1
26781,698.4564628660079
26875,-1
26875,739.9888454232688
26968,-1
26968,739.9888454232688
27062,-1
27062,698.4564628660079
27156,-1
27156,739.9888454232688
27250,-1
27250,987.7666025122485
27343,-1
27343,739.9888454232688
27437,-1
27437,554.3652619537442
27531,-1
27531,987.7666025122485
27625,-1
27625,698.4564628660079
27718,-1
27718,554.3652619537442
27812,-1
27812,987.7666025122485
27906,-1
27906,659.2551138257397
28000,-1
28000,554.3652619537442
28093,-1
28093,987.7666025122485
28187,-1
28187,622.2539674441618
28281,-1
28281,554.3652619537442
28375,-1
28375,987.7666025122485
28468,-1
28468,587.3295358348153
28562,-1
28562,554.3652619537442
28656,-1
28656,987.7666025122485
28750,-1
28750,622.2539674441618
28843,-1
28937,830.6093951598904
29031,-1
29125,739.9888454232688
29218,-1
29218,739.9888454232688
29312,-1
29312,466.1637615180898
29406,-1
29406,466.1637615180898
29500,-1
29500,622.2539674441618
29593,-1
29593,698.4564628660079
29687,-1
29687,739.9888454232688
29781,-1
29781,698.4564628660079
29875,-1
29875,739.9888454232688
29968,-1
29968,739.9888454232688
30062,-1
30062,698.4564628660079
30156,-1
30156,739.9888454232688
30250,-1
30250,1108.7305239074883
30343,-1
30343,739.9888454232688
30437,-1
30437,554.3652619537442
30531,-1
30531,1108.7305239074883
30625,-1
30625,698.4564628660079
30718,-1
30718,554.3652619537442
30812,-1
30812,1108.7305239074883
30906,-1
30906,659.2551138257397
31000,-1
31000,554.3652619537442
31093,-1
31093,1108.7305239074883
31187,-1
31187,622.2539674441618
31281,-1
31281,554.3652619537442
31375,-1
31375,1108.7305239074883
31468,-1
31468,587.3295358348153
31562,-1
31562,554.3652619537442
31656,-1
31656,1108.7305239074883
31750,-1
31750,622.2539674441618
31843,-1
31937,830.6093951598904
32031,-1
32125,739.9888454232688
32218,-1
32218,739.9888454232688
32312,-1
32312,466.1637615180898
32406,-1
32406,466.1637615180898
32500,-1
32500,554.3652619537442
32593,-1
32593,698.4564628660079
32687,-1
32687,739.9888454232688
32781,-1
32781,698.4564628660079
32875,-1
32875,739.9888454232688
32968,-1
32968,739.9888454232688
33062,-1
33062,698.4564628660079
33156,-1
33156,739.9888454232688
33250,-1
33250,987.7666025122485
33343,-1
33343,739.9888454232688
33437,-1
33437,554.3652619537442
33531,-1
33531,987.7666025122485
33625,-1
33625,698.4564628660079
33718,-1
33718,554.3652619537442
33812,-1
33812,987.7666025122485
33906,-1
33906,659.2551138257397
34000,-1
34000,554.3652619537442
34093,-1
34093,987.7666025122485
34187,-1
34187,622.2539674441618
34281,-1
34281,554.3652619537442
34375,-1
34375,987.7666025122485
34468,-1
34468,587.3295358348153
34562,-1
34562,554.3652619537442
34656,-1
34656,987.7666025122485
34750,-1
34750,622.2539674441618
34843,-1
34937,830.6093951598904
35031,-1
35125,739.9888454232688
35218,-1
35218,739.9888454232688
35312,-1
35312,466.1637615180898
35406,-1
35406,466.1637615180898
35500,-1
35500,622.2539674441618
35593,-1
35593,698.4564628660079
35687,-1
35687,739.9888454232688
35781,-1
35781,698.4564628660079
35875,-1
35875,739.9888454232688
35968,-1
35968,739.9888454232688
36062,-1
36062,698.4564628660079
36156,-1
36156,739.9888454232688
36250,-1
36250,1108.7305239074883
36343,-1
36343,739.9888454232688
36437,-1
36437,554.3652619537442
36531,-1
36531,1108.7305239074883
36625,-1
36625,698.4564628660079
36718,-1
36718,554.3652619537442
36812,-1
36812,1108.7305239074883
36906,-1
36906,659.2551138257397
37000,-1
37000,554.3652619537442
37093,-1
37093,1108.7305239074883
37187,-1
37187,622.2539674441618
37281,-1
37281,554.3652619537442
37375,-1
37375,1108.7305239074883
37468,-1
37468,587.3295358348153
37562,-1
37562,554.3652619537442
37656,-1
37656,1108.7305239074883
37750,-1
38500,622.2539674441618
38593,-1
38687,830.6093951598904
38781,-1
38875,739.9888454232688
38968,-1
38968,739.9888454232688
39062,-1
39062,466.1637615180898
39156,-1
39156,466.1637615180898
39250,-1
39250,698.4564628660079
39343,-1
39343,739.9888454232688
39437,-1
39437,698.4564628660079
39531,-1
39531,739.9888454232688
39718,-1
39718,698.4564628660079
39812,-1
39812,622.2539674441618
39906,-1
39906,739.9888454232688
40000,-1
40000,987.7666025122485
40093,-1
40093,739.9888454232688
40187,-1
40187,554.3652619537442
40281,-1
40281,987.7666025122485
40375,-1
40375,698.4564628660079
40468,-1
40468,554.3652619537442
40562,-1
40562,987.7666025122485
40656,-1
40656,659.2551138257397
40750,-1
40750,554.3652619537442
40843,-1
40843,987.7666025122485
40937,-1
40937,622.2539674441618
41031,-1
41031,554.3652619537442
41125,-1
41125,987.7666025122485
41218,-1
41218,587.3295358348153
41312,-1
41312,554.3652619537442
41406,-1
41406,987.7666025122485
41500,-1
41500,622.2539674441618
41593,-1
41687,830.6093951598904
41781,-1
41875,739.9888454232688
41968,-1
41968,739.9888454232688
42062,-1
42062,466.1637615180898
42156,-1
42156,466.1637615180898
42250,-1
42250,739.9888454232688
42343,-1
42343,830.6093951598904
42437,-1
42437,739.9888454232688
42531,-1
42531,830.6093951598904
42718,-1
42718,739.9888454232688
42812,-1
42812,622.2539674441618
42906,-1
42906,739.9888454232688
43000,-1
43000,1108.7305239074883
43093,-1
43093,739.9888454232688
43187,-1
43187,554.3652619537442
43281,-1
43281,1108.7305239074883
43375,-1
43375,698.4564628660079
43468,-1
43468,554.3652619537442
43562,-1
43562,1108.7305239074883
43656,-1
43656,659.2551138257397
43750,-1
43750,554.3652619537442
43843,-1
43843,1108.7305239074883
43937,-1
43937,622.2539674441618
44031,-1
44031,554.3652619537442
44125,-1
44125,1108.7305239074883
44218,-1
44218,587.3295358348153
44312,-1
44312,554.3652619537442
44406,-1
44406,1108.7305239074883
44500,-1
44500,622.2539674441618
44593,-1
44687,830.6093951598904
44781,-1
44875,739.9888454232688
44968,-1
44968,739.9888454232688
45062,-1
45062,466.1637615180898
45156,-1
45156,466.1637615180898
45250,-1
45250,698.4564628660079
45343,-1
45343,739.9888454232688
45437,-1
45437,698.4564628660079
45531,-1
45531,739.9888454232688
45718,-1
45718,698.4564628660079
45812,-1
45812,622.2539674441618
45906,-1
45906,739.9888454232688
46000,-1
46000,987.7666025122485
46093,-1
46093,739.9888454232688
46187,-1
46187,554.3652619537442
46281,-1
46281,987.7666025122485
46375,-1
46375,698.4564628660079
46468,-1
46468,554.3652619537442
46562,-1
46562,987.7666025122485
46656,-1
46656,659.2551138257397
46750,-1
46750,554.3652619537442
46843,-1
46843,987.7666025122485
46937,-1
46937,622.2539674441618
47031,-1
47031,554.3652619537442
47125,-1
47125,987.7666025122485
47218,-1
47218,587.3295358348153
47312,-1
47312,554.3652619537442
47406,-1
47406,987.7666025122485
47500,-1
47500,622.2539674441618
47593,-1
47687,830.6093951598904
47781,-1
47875,739.9888454232688
47968,-1
47968,739.9888454232688
48062,-1
48062,466.1637615180898
48156,-1
48156,466.1637615180898
48250,-1
48250,739.9888454232688
48343,-1
48343,830.6093951598904
48437,-1
48437,739.9888454232688
48531,-1
48531,830.6093951598904
48718,-1
48718,739.9888454232688
48812,-1
48812,622.2539674441618
48906,-1
48906,739.9888454232688
49000,-1
49000,1108.7305239074883
49093,-1
49093,739.9888454232688
49187,-1
49187,554.3652619537442
49281,-1
49281,1108.7305239074883
49375,-1
49375,698.4564628660079
49468,-1
49468,554.3652619537442
49562,-1
49562,1108.7305239074883
49656,-1
49656,659.2551138257397
49750,-1
49750,554.3652619537442
49843,-1
49843,1108.7305239074883
49937,-1
49937,622.2539674441618
50031,-1
50031,554.3652619537442
50125,-1
50125,1108.7305239074883
50218,-1
50218,587.3295358348153
50312,-1
50312,554.3652619537442
50406,-1
50406,1108.7305239074883
50500,-1
50687,311.1269837220809
50875,-1
51062,311.1269837220809
51250,-1
51437,311.1269837220809
51625,-1
51812,311.1269837220809
52000,-1
52187,369.9944227116344
52375,-1
52562,369.9944227116344
52750,-1
52937,415.3046975799452
53125,-1
53312,415.3046975799452
53500,-1
53500,622.2539674441618
53593,-1
53687,830.6093951598904
53781,-1
53875,739.9888454232688
53968,-1
53968,739.9888454232688
54062,-1
54062,466.1637615180898
54156,-1
54156,466.1637615180898
54250,-1
54250,698.4564628660079
54343,-1
54343,739.9888454232688
54437,-1
54437,698.4564628660079
54531,-1
54531,739.9888454232688
54718,-1
54718,698.4564628660079
54812,-1
54812,622.2539674441618
54906,-1
54906,739.9888454232688
55000,-1
55000,1108.7305239074883
55093,-1
55093,739.9888454232688
55187,-1
55187,554.3652619537442
55281,-1
55281,1108.7305239074883
55375,-1
55375,698.4564628660079
55468,-1
55468,554.3652619537442
55562,-1
55562,1108.7305239074883
55656,-1
55656,659.2551138257397
55750,-1
55750,554.3652619537442
55843,-1
55843,1108.7305239074883
55937,-1
55937,622.2539674441618
56031,-1
56031,554.3652619537442
56125,-1
56125,1108.7305239074883
56218,-1
56218,587.3295358348153
56312,-1
56312,554.3652619537442
56406,-1
56406,1108.7305239074883
56500,-1
56687,311.1269837220809
56875,-1
57062,311.1269837220809
57250,-1
57437,311.1269837220809
57625,-1
57812,311.1269837220809
58000,-1
58187,369.9944227116344
58375,-1
58562,369.9944227116344
58750,-1
58937,415.3046975799452
59125,-1
59312,415.3046975799452
59500,-1
59500,622.2539674441618
59593,-1
59687,830.6093951598904
59781,-1
59875,739.9888454232688
59968,-1
59968,739.9888454232688
60062,-1
60062,466.1637615180898
60156,-1
60156,466.1637615180898
60250,-1
60250,698.4564628660079
60343,-1
60343,739.9888454232688
60437,-1
60437,698.4564628660079
60531,-1
60531,739.9888454232688
60718,-1
60718,698.4564628660079
60812,-1
60812,622.2539674441618
60906,-1
60906,739.9888454232688
61000,-1
61000,1108.7305239074883
61093,-1
61093,739.9888454232688
61187,-1
61187,554.3652619537442
61281,-1
61281,1108.7305239074883
61375,-1
61375,698.4564628660079
61468,-1
61468,554.3652619537442
61562,-1
61562,1108.7305239074883
61656,-1
61656,659.2551138257397
61750,-1
61750,554.3652619537442
61843,-1
61843,1108.7305239074883
61937,-1
61937,622.2539674441618
62031,-1
62031,554.3652619537442
62125,-1
62125,1108.7305239074883
62218,-1
62218,587.3295358348153
62312,-1
62312,554.3652619537442
62406,-1
62406,1108.7305239074883
62500,-1
65500,155.56349186104046
66250,-1
66250,207.65234878997256
67000,-1
67000,233.0818807590449
67750,-1
67750,277.1826309768721
68500,-1
71500,277.1826309768721
72062,-1
72250,277.1826309768721
72625,-1
72812,233.0818807590449
73140,-1
73187,233.0818807590449
73328,-1
73375,233.0818807590449
73515,-1
73562,233.0818807590449
73703,-1
73750,233.0818807590449
73890,-1
73937,233.0818807590449
74125,-1
74500,622.2539674441618
74593,-1
74781,622.2539674441618
74875,-1
75062,622.2539674441618
75156,-1
75343,622.2539674441618
75437,-1
75437,311.1269837220809
75625,-1
75625,622.2539674441618
75718,-1
75812,311.1269837220809
76000,-1
76000,493.88330125612424
76093,-1
76281,493.88330125612424
76375,-1
76562,493.88330125612424
76656,-1
76843,493.88330125612424
76937,-1
76937,246.94165062806212
77125,-1
77125,493.88330125612424
77218,-1
77312,246.94165062806212
77500,-1
77500,554.3652619537442
77593,-1
77781,554.3652619537442
77875,-1
78062,554.3652619537442
78156,-1
78343,554.3652619537442
78437,-1
78437,277.1826309768721
78625,-1
78625,554.3652619537442
78718,-1
78812,277.1826309768721
79000,-1
79000,830.6093951598904
79093,-1
79281,830.6093951598904
79375,-1
79562,830.6093951598904
79656,-1
79843,739.9888454232688
79937,-1
79937,369.9944227116344
80125,-1
80125,739.9888454232688
80218,-1
80312,369.9944227116344
80500,-1
80500,622.2539674441618
80593,-1
80781,622.2539674441618
80875,-1
81062,622.2539674441618
81156,-1
81343,622.2539674441618
81437,-1
81437,311.1269837220809
81625,-1
81625,622.2539674441618
81718,-1
81812,311.1269837220809
82000,-1
82000,493.88330125612424
82093,-1
82281,493.88330125612424
82375,-1
82562,493.88330125612424
82656,-1
82843,493.88330125612424
82937,-1
82937,246.94165062806212
83125,-1
83125,493.88330125612424
83218,-1
83312,246.94165062806212
83500,-1
83500,554.3652619537442
83593,-1
83781,554.3652619537442
83875,-1
84062,554.3652619537442
84156,-1
84343,554.3652619537442
84437,-1
84437,277.1826309768721
84625,-1
84625,554.3652619537442
84718,-1
84812,277.1826309768721
85000,-1
85000,830.6093951598904
85093,-1
85281,830.6093951598904
85375,-1
85562,830.6093951598904
85656,-1
85843,739.9888454232688
85937,-1
85937,369.9944227116344
86125,-1
86125,739.9888454232688
86218,-1
86312,369.9944227116344
86500,-1
86500,622.2539674441618
86593,-1
86781,622.2539674441618
86875,-1
87062,622.2539674441618
87156,-1
87343,622.2539674441618
87437,-1
87437,311.1269837220809
87625,-1
87625,622.2539674441618
87718,-1
87812,311.1269837220809
88000,-1
88000,493.88330125612424
88093,-1
88281,493.88330125612424
88375,-1
88562,493.88330125612424
88656,-1
88843,493.88330125612424
88937,-1
88937,246.94165062806212
89125,-1
89125,493.88330125612424
89218,-1
89312,246.94165062806212
89500,-1
89500,554.3652619537442
89593,-1
89781,554.3652619537442
89875,-1
90062,554.3652619537442
90156,-1
90343,554.3652619537442
90437,-1
90437,277.1826309768721
90625,-1
90625,554.3652619537442
90718,-1
90812,277.1826309768721
91000,-1
91000,830.6093951598904
91093,-1
91281,830.6093951598904
91375,-1
91562,830.6093951598904
91656,-1
91843,739.9888454232688
91937,-1
91937,369.9944227116344
92125,-1
92125,739.9888454232688
92218,-1
92312,369.9944227116344
92500,-1
92500,622.2539674441618
92593,-1
92781,622.2539674441618
92875,-1
93062,622.2539674441618
93156,-1
93343,622.2539674441618
93437,-1
93437,311.1269837220809
93625,-1
93625,622.2539674441618
93718,-1
93812,311.1269837220809
94000,-1
94000,493.88330125612424
94093,-1
94281,493.88330125612424
94375,-1
94562,493.88330125612424
94656,-1
94843,493.88330125612424
94937,-1
94937,246.94165062806212
95125,-1
95125,493.88330125612424
95218,-1
95312,246.94165062806212
95500,-1
95500,554.3652619537442
95593,-1
95781,554.3652619537442
95875,-1
96062,554.3652619537442
96156,-1
96343,554.3652619537442
96437,-1
96437,277.1826309768721
96625,-1
96625,554.3652619537442
96718,-1
96812,277.1826309768721
97000,-1
97187,415.3046975799452
97375,-1
97375,415.3046975799452
97562,-1
97562,415.3046975799452
97750,-1
97750,369.9944227116344
97937,-1
98125,349.22823143300394
98312,-1
98500,622.2539674441618
98593,-1
98687,830.6093951598904
98781,-1
98875,739.9888454232688
98968,-1
98968,739.9888454232688
99062,-1
99062,466.1637615180898
99156,-1
99156,466.1637615180898
99250,-1
99250,698.4564628660079
99343,-1
99343,739.9888454232688
99437,-1
99437,698.4564628660079
99531,-1
99531,739.9888454232688
99718,-1
99718,698.4564628660079
99812,-1
99812,622.2539674441618
99906,-1
99906,739.9888454232688
100000,-1
100000,987.7666025122485
100093,-1
100093,739.9888454232688
100187,-1
100187,554.3652619537442
100281,-1
100281,987.7666025122485
100375,-1
100375,698.4564628660079
100468,-1
100468,554.3652619537442
100562,-1
100562,987.7666025122485
100656,-1
100656,659.2551138257397
100750,-1
100750,554.3652619537442
100843,-1
100843,987.7666025122485
100937,-1
100937,622.2539674441618
101031,-1
101031,554.3652619537442
101125,-1
101125,987.7666025122485
101218,-1
101218,587.3295358348153
101312,-1
101312,554.3652619537442
101406,-1
101406,987.7666025122485
101500,-1
101500,622.2539674441618
101593,-1
101687,830.6093951598904
101781,-1
101875,739.9888454232688
101968,-1
101968,739.9888454232688
102062,-1
102062,466.1637615180898
102156,-1
102156,466.1637615180898
102250,-1
102250,739.9888454232688
102343,-1
102343,830.6093951598904
102437,-1
102437,739.9888454232688
102531,-1
102531,830.6093951598904
102718,-1
102718,739.9888454232688
102812,-1
102812,622.2539674441618
102906,-1
102906,739.9888454232688
103000,-1
103000,1108.7305239074883
103093,-1
103093,739.9888454232688
103187,-1
103187,554.3652619537442
103281,-1
103281,1108.7305239074883
103375,-1
103375,698.4564628660079
103468,-1
103468,554.3652619537442
103562,-1
103562,1108.7305239074883
103656,-1
103656,659.2551138257397
103750,-1
103750,554.3652619537442
103843,-1
103843,1108.7305239074883
103937,-1
103937,622.2539674441618
104031,-1
104031,554.3652619537442
104125,-1
104125,1108.7305239074883
104218,-1
104218,587.3295358348153
104312,-1
104312,554.3652619537442
104406,-1
104406,1108.7305239074883
104500,-1
104500,622.2539674441618
104593,-1
104687,830.6093951598904
104781,-1
104875,739.9888454232688
104968,-1
104968,739.9888454232688
105062,-1
105062,466.1637615180898
105156,-1
105156,466.1637615180898
105250,-1
105250,698.4564628660079
105343,-1
105343,739.9888454232688
105437,-1
105437,698.4564628660079
105531,-1
105531,739.9888454232688
105718,-1
105718,698.4564628660079
105812,-1
105812,622.2539674441618
105906,-1
105906,739.9888454232688
106000,-1
106000,987.7666025122485
106093,-1
106093,739.9888454232688
106187,-1
106187,554.3652619537442
106281,-1
106281,987.7666025122485
106375,-1
106375,698.4564628660079
106468,-1
106468,554.3652619537442
106562,-1
106562,987.7666025122485
106656,-1
106656,659.2551138257397
106750,-1
106750,554.3652619537442
106843,-1
106843,987.7666025122485
106937,-1
106937,622.2539674441618
107031,-1
107031,554.3652619537442
107125,-1
107125,987.7666025122485
107218,-1
107218,587.3295358348153
107312,-1
107312,554.3652619537442
107406,-1
107406,987.7666025122485
107500,-1
107500,622.2539674441618
107593,-1
107687,830.6093951598904
107781,-1
107875,739.9888454232688
107968,-1
107968,739.9888454232688
108062,-1
108062,466.1637615180898
108156,-1
108156,466.1637615180898
108250,-1
108250,739.9888454232688
108343,-1
108343,830.6093951598904
108437,-1
108437,739.9888454232688
108531,-1
108531,830.6093951598904
108718,-1
108718,739.9888454232688
108812,-1
108812,622.2539674441618
108906,-1
108906,739.9888454232688
109000,-1
109000,1108.7305239074883
109093,-1
109093,739.9888454232688
109187,-1
109187,554.3652619537442
109281,-1
109281,1108.7305239074883
109375,-1
109375,698.4564628660079
109468,-1
109468,554.3652619537442
109562,-1
109562,1108.7305239074883
109656,-1
109656,659.2551138257397
109750,-1
109750,554.3652619537442
109843,-1
109843,1108.7305239074883
109937,-1
109937,622.2539674441618
110031,-1
110031,554.3652619537442
110125,-1
110125,1108.7305239074883
110218,-1
110218,587.3295358348153
110312,-1
110312,554.3652619537442
110406,-1
110406,1108.7305239074883
110500,-1
110687,311.1269837220809
110875,-1
111062,311.1269837220809
111250,-1
111437,311.1269837220809
111625,-1
111812,311.1269837220809
112000,-1
112187,369.9944227116344
112375,-1
112562,369.9944227116344
112750,-1
112937,415.3046975799452
113125,-1
113312,415.3046975799452
113500,-1
113500,622.2539674441618
113593,-1
113687,830.6093951598904
113781,-1
113875,739.9888454232688
113968,-1
113968,739.9888454232688
114062,-1
114062,466.1637615180898
114156,-1
114156,466.1637615180898
114250,-1
114250,698.4564628660079
114343,-1
114343,739.9888454232688
114437,-1
114437,698.4564628660079
114531,-1
114531,739.9888454232688
114718,-1
114718,698.4564628660079
114812,-1
114812,622.2539674441618
114906,-1
114906,739.9888454232688
115000,-1
115000,1108.7305239074883
115093,-1
115093,739.9888454232688
115187,-1
115187,554.3652619537442
115281,-1
115281,1108.7305239074883
115375,-1
115375,698.4564628660079
115468,-1
115468,554.3652619537442
115562,-1
115562,1108.7305239074883
115656,-1
115656,659.2551138257397
115750,-1
115750,554.3652619537442
115843,-1
115843,1108.7305239074883
115937,-1
115937,622.2539674441618
116031,-1
116031,554.3652619537442
116125,-1
116125,1108.7305239074883
116218,-1
116218,587.3295358348153
116312,-1
116312,554.3652619537442
116406,-1
116406,1108.7305239074883
116500,-1
116687,311.1269837220809
116875,-1
117062,311.1269837220809
117250,-1
117437,311.1269837220809
117625,-1
117812,311.1269837220809
118000,-1
118187,369.9944227116344
118375,-1
118562,369.9944227116344
118750,-1
118937,415.3046975799452
119125,-1
119312,415.3046975799452
119500,-1
119500,622.2539674441618
119593,-1
119687,830.6093951598904
119781,-1
119875,739.9888454232688
119968,-1
119968,739.9888454232688
120062,-1
120062,466.1637615180898
120156,-1
120156,466.1637615180898
120250,-1
120250,698.4564628660079
120343,-1
120343,739.9888454232688
120437,-1
120437,698.4564628660079
120531,-1
120531,739.9888454232688
120718,-1
120718,698.4564628660079
120812,-1
120812,622.2539674441618
120906,-1
120906,739.9888454232688
121000,-1
121000,1108.7305239074883
121093,-1
121093,739.9888454232688
121187,-1
121187,554.3652619537442
121281,-1
121281,1108.7305239074883
121375,-1
121375,698.4564628660079
121468,-1
121468,554.3652619537442
121562,-1
121562,1108.7305239074883
121656,-1
121656,659.2551138257397
121750,-1
121750,554.3652619537442
121843,-1
121843,1108.7305239074883
121937,-1
121937,622.2539674441618
122031,-1
122031,554.3652619537442
122125,-1
122125,1108.7305239074883
122218,-1
122218,587.3295358348153
122312,-1
122312,554.3652619537442
122406,-1
122406,1108.7305239074883
122500,-1
125500,155.56349186104046
126250,-1
126250,207.65234878997256
127000,-1
127000,233.0818807590449
127750,-1
127750,277.1826309768721
128500,-1
131500,277.1826309768721
132062,-1
132250,277.1826309768721
132625,-1
132812,233.0818807590449
133140,-1
133187,233.0818807590449
133328,-1
133375,233.0818807590449
133515,-1
133562,233.0818807590449
133703,-1
133750,233.0818807590449
133890,-1
133937,233.0818807590449
134125,-1
134500,622.2539674441618
134593,-1
134781,622.2539674441618
134875,-1
135062,622.2539674441618
135156,-1
135343,622.2539674441618
135437,-1
135437,311.1269837220809
135625,-1
135625,622.2539674441618
135718,-1
135812,311.1269837220809
136000,-1
136000,493.88330125612424
136093,-1
136281,493.88330125612424
136375,-1
136562,493.88330125612424
136656,-1
136843,493.88330125612424
136937,-1
136937,246.94165062806212
137125,-1
137125,493.88330125612424
137218,-1
137312,246.94165062806212
137500,-1
137500,554.3652619537442
137593,-1
137781,554.3652619537442
137875,-1
138062,554.3652619537442
138156,-1
138343,554.3652619537442
138437,-1
138437,277.1826309768721
138625,-1
138625,554.3652619537442
138718,-1
138812,277.1826309768721
139000,-1
139000,830.6093951598904
139093,-1
139281,830.6093951598904
139375,-1
139562,830.6093951598904
139656,-1
139843,739.9888454232688
139937,-1
139937,369.9944227116344
140125,-1
140125,739.9888454232688
140218,-1
140312,369.9944227116344
140500,-1
140500,622.2539674441618
140593,-1
140781,622.2539674441618
140875,-1
141062,622.2539674441618
141156,-1
141343,622.2539674441618
141437,-1
141437,311.1269837220809
141625,-1
141625,622.2539674441618
141718,-1
141812,311.1269837220809
142000,-1
142000,493.88330125612424
142093,-1
142281,493.88330125612424
142375,-1
142562,493.88330125612424
142656,-1
142843,493.88330125612424
142937,-1
142937,246.94165062806212
143125,-1
143125,493.88330125612424
143218,-1
143312,246.94165062806212
143500,-1
143500,554.3652619537442
143593,-1
143781,554.3652619537442
143875,-1
144062,554.3652619537442
144156,-1
144343,554.3652619537442
144437,-1
144437,277.1826309768721
144625,-1
144625,554.3652619537442
144718,-1
144812,277.1826309768721
145000,-1
145000,830.6093951598904
145093,-1
145281,830.6093951598904
145375,-1
145562,830.6093951598904
145656,-1
145843,739.9888454232688
145937,-1
145937,369.9944227116344
146125,-1
146125,739.9888454232688
146218,-1
146312,369.9944227116344
146500,-1
146500,622.2539674441618
146593,-1
146781,622.2539674441618
146875,-1
147062,622.2539674441618
147156,-1
147343,622.2539674441618
147437,-1
147437,311.1269837220809
147625,-1
147625,622.2539674441618
147718,-1
147812,311.1269837220809
148000,-1
148000,493.88330125612424
148093,-1
148281,493.88330125612424
148375,-1
148562,493.88330125612424
148656,-1
148843,493.88330125612424
148937,-1
148937,246.94165062806212
149125,-1
149125,493.88330125612424
149218,-1
149312,246.94165062806212
149500,-1
149500,554.3652619537442
149593,-1
149781,554.3652619537442
149875,-1
150062,554.3652619537442
150156,-1
150343,554.3652619537442
150437,-1
150437,277.1826309768721
150625,-1
150625,554.3652619537442
150718,-1
150812,277.1826309768721
151000,-1
151000,830.6093951598904
151093,-1
151281,830.6093951598904
151375,-1
151562,830.6093951598904
151656,-1
151843,739.9888454232688
151937,-1
151937,369.9944227116344
152125,-1
152125,739.9888454232688
152218,-1
152312,369.9944227116344
152500,-1
152500,622.2539674441618
152593,-1
152781,622.2539674441618
152875,-1
153062,622.2539674441618
153156,-1
153343,622.2539674441618
153437,-1
153437,311.1269837220809
153625,-1
153625,622.2539674441618
153718,-1
153812,311.1269837220809
154000,-1
154000,493.88330125612424
154093,-1
154281,493.88330125612424
154375,-1
154562,493.88330125612424
154656,-1
154843,493.88330125612424
154937,-1
154937,246.94165062806212
155125,-1
155125,493.88330125612424
155218,-1
155312,246.94165062806212
155500,-1
155500,554.3652619537442
155593,-1
155781,554.3652619537442
155875,-1
156062,554.3652619537442
156156,-1
156343,554.3652619537442
156437,-1
156437,277.1826309768721
156625,-1
156625,554.3652619537442
156718,-1
156812,277.1826309768721
157000,-1
157187,415.3046975799452
157375,-1
157375,415.3046975799452
157562,-1
157562,415.3046975799452
157750,-1
157750,369.9944227116344
157937,-1
158125,349.22823143300394
158312,-1
158500,622.2539674441618
158593,-1
158687,830.6093951598904
158781,-1
158875,739.9888454232688
158968,-1
158968,739.9888454232688
159062,-1
159062,466.1637615180898
159156,-1
159156,466.1637615180898
159250,-1
159250,698.4564628660079
159343,-1
159343,739.9888454232688
159437,-1
159437,698.4564628660079
159531,-1
159531,739.9888454232688
159718,-1
159718,698.4564628660079
159812,-1
159812,622.2539674441618
159906,-1
159906,739.9888454232688
160000,-1
160000,987.7666025122485
160093,-1
160093,739.9888454232688
160187,-1
160187,554.3652619537442
160281,-1
160281,987.7666025122485
160375,-1
160375,698.4564628660079
160468,-1
160468,554.3652619537442
160562,-1
160562,987.7666025122485
160656,-1
160656,659.2551138257397
160750,-1
160750,554.3652619537442
160843,-1
160843,987.7666025122485
160937,-1
160937,622.2539674441618
161031,-1
161031,554.3652619537442
161125,-1
161125,987.7666025122485
161218,-1
161218,587.3295358348153
161312,-1
161312,554.3652619537442
161406,-1
161406,987.7666025122485
161500,-1
161500,622.2539674441618
161593,-1
161687,830.6093951598904
161781,-1
161875,739.9888454232688
161968,-1
161968,739.9888454232688
162062,-1
162062,466.1637615180898
162156,-1
162156,466.1637615180898
162250,-1
162250,739.9888454232688
162343,-1
162343,830.6093951598904
162437,-1
162437,739.9888454232688
162531,-1
162531,830.6093951598904
162718,-1
162718,739.9888454232688
162812,-1
162812,622.2539674441618
162906,-1
162906,739.9888454232688
163000,-1
163000,1108.7305239074883
163093,-1
163093,739.9888454232688
163187,-1
163187,554.3652619537442
163281,-1
163281,1108.7305239074883
163375,-1
163375,698.4564628660079
163468,-1
163468,554.3652619537442
163562,-1
163562,1108.7305239074883
163656,-1
163656,659.2551138257397
163750,-1
163750,554.3652619537442
163843,-1
163843,1108.7305239074883
163937,-1
163937,622.2539674441618
164031,-1
164031,554.3652619537442
164125,-1
164125,1108.7305239074883
164218,-1
164218,587.3295358348153
164312,-1
164312,554.3652619537442
164406,-1
164406,1108.7305239074883
164500,-1
164500,622.2539674441618
164593,-1
164687,830.6093951598904
164781,-1
164875,739.9888454232688
164968,-1
164968,739.9888454232688
165062,-1
165062,466.1637615180898
165156,-1
165156,466.1637615180898
165250,-1
165250,698.4564628660079
165343,-1
165343,739.9888454232688
165437,-1
165437,698.4564628660079
165531,-1
165531,739.9888454232688
165718,-1
165718,698.4564628660079
165812,-1
165812,622.2539674441618
165906,-1
165906,739.9888454232688
166000,-1
166000,987.7666025122485
166093,-1
166093,739.9888454232688
166187,-1
166187,554.3652619537442
166281,-1
166281,987.7666025122485
166375,-1
166375,698.4564628660079
166468,-1
166468,554.3652619537442
166562,-1
166562,987.7666025122485
166656,-1
166656,659.2551138257397
166750,-1
166750,554.3652619537442
166843,-1
166843,987.7666025122485
166937,-1
166937,622.2539674441618
167031,-1
167031,554.3652619537442
167125,-1
167125,987.7666025122485
167218,-1
167218,587.3295358348153
167312,-1
167312,554.3652619537442
167406,-1
167406,987.7666025122485
167500,-1
167500,622.2539674441618
167593,-1
167687,830.6093951598904
167781,-1
167875,739.9888454232688
167968,-1
167968,739.9888454232688
168062,-1
168062,466.1637615180898
168156,-1
168156,466.1637615180898
168250,-1
168250,739.9888454232688
168343,-1
168343,830.6093951598904
168437,-1
168437,739.9888454232688
168531,-1
168531,830.6093951598904
168718,-1
168718,739.9888454232688
168812,-1
168812,622.2539674441618
168906,-1
168906,739.9888454232688
169000,-1
169000,1108.7305239074883
169093,-1
169093,739.9888454232688
169187,-1
169187,554.3652619537442
169281,-1
169281,1108.7305239074883
169375,-1
169375,698.4564628660079
169468,-1
169468,554.3652619537442
169562,-1
169562,1108.7305239074883
169656,-1
169656,659.2551138257397
169750,-1
169750,554.3652619537442
169843,-1
169843,1108.7305239074883
169937,-1
169937,622.2539674441618
170031,-1
170031,554.3652619537442
170125,-1
170125,1108.7305239074883
170218,-1
170218,587.3295358348153
170312,-1
170312,554.3652619537442
170406,-1
170406,1108.7305239074883
170500,-1
182500,622.2539674441618
182593,-1
182781,622.2539674441618
182875,-1
183062,622.2539674441618
183156,-1
183343,622.2539674441618
183437,-1
183437,311.1269837220809
183625,-1
183625,622.2539674441618
183718,-1
183812,311.1269837220809
184000,-1
184000,493.88330125612424
184093,-1
184281,493.88330125612424
184375,-1
184562,493.88330125612424
184656,-1
184843,493.88330125612424
184937,-1
184937,246.94165062806212
185125,-1
185125,493.88330125612424
185218,-1
185312,246.94165062806212
185500,-1
185500,554.3652619537442
185593,-1
185781,554.3652619537442
185875,-1
186062,554.3652619537442
186156,-1
186343,554.3652619537442
186437,-1
186437,277.1826309768721
186625,-1
186625,554.3652619537442
186718,-1
186812,277.1826309768721
187000,-1
187000,830.6093951598904
187093,-1
187281,830.6093951598904
187375,-1
187562,830.6093951598904
187656,-1
187843,739.9888454232688
187937,-1
187937,369.9944227116344
188125,-1
188125,739.9888454232688
188218,-1
188312,369.9944227116344
188500,-1
188500,622.2539674441618
188593,-1
188781,622.2539674441618
188875,-1
189062,622.2539674441618
189156,-1
189343,622.2539674441618
189437,-1
189437,311.1269837220809
189625,-1
189625,622.2539674441618
189718,-1
189812,311.1269837220809
190000,-1
190000,493.88330125612424
190093,-1
190281,493.88330125612424
190375,-1
190562,493.88330125612424
190656,-1
190843,493.88330125612424
190937,-1
190937,246.94165062806212
191125,-1
191125,493.88330125612424
191218,-1
191312,246.94165062806212
191500,-1
191500,554.3652619537442
191593,-1
191781,554.3652619537442
191875,-1
192062,554.3652619537442
192156,-1
192343,554.3652619537442
192437,-1
192437,277.1826309768721
192625,-1
192625,554.3652619537442
192718,-1
192812,277.1826309768721
193000,-1
193000,830.6093951598904
193093,-1
193281,830.6093951598904
193375,-1
193562,830.6093951598904
193656,-1
193843,739.9888454232688
193937,-1
193937,369.9944227116344
194125,-1
194125,739.9888454232688
194218,-1
194312,369.9944227116344
194500,-1
194500,622.2539674441618
194593,-1
194781,622.2539674441618
194875,-1
195062,622.2539674441618
195156,-1
195343,622.2539674441618
195437,-1
195437,311.1269837220809
195625,-1
195625,622.2539674441618
195718,-1
195812,311.1269837220809
196000,-1
196000,493.88330125612424
196093,-1
196281,493.88330125612424
196375,-1
196562,493.88330125612424
196656,-1
196843,493.88330125612424
196937,-1
196937,246.94165062806212
197125,-1
197125,493.88330125612424
197218,-1
197312,246.94165062806212
197500,-1
197500,554.3652619537442
197593,-1
197781,554.3652619537442
197875,-1
198062,554.3652619537442
198156,-1
198343,554.3652619537442
198437,-1
198437,277.1826309768721
198625,-1
198625,554.3652619537442
198718,-1
198812,277.1826309768721
199000,-1
199000,830.6093951598904
199093,-1
199281,830.6093951598904
199375,-1
199562,830.6093951598904
199656,-1
199843,739.9888454232688
199937,-1
199937,369.9944227116344
200125,-1
200125,739.9888454232688
200218,-1
200312,369.9944227116344
200500,-1
200500,622.2539674441618
200593,-1
200781,622.2539674441618
200875,-1
201062,622.2539674441618
201156,-1
201343,622.2539674441618
201437,-1
201437,311.1269837220809
201625,-1
201625,622.2539674441618
201718,-1
201812,311.1269837220809
202000,-1
202000,493.88330125612424
202093,-1
202281,493.88330125612424
202375,-1
202562,493.88330125612424
202656,-1
202843,493.88330125612424
202937,-1
202937,246.94165062806212
203125,-1
203125,493.88330125612424
203218,-1
203312,246.94165062806212
203500,-1
203500,554.3652619537442
203593,-1
203781,554.3652619537442
203875,-1
204062,554.3652619537442
204156,-1
204343,554.3652619537442
204437,-1
204437,277.1826309768721
204625,-1
204625,554.3652619537442
204718,-1
204812,277.1826309768721
205000,-1
205187,415.3046975799452
205375,-1
205375,415.3046975799452
205562,-1
205562,415.3046975799452
205750,-1
205750,369.9944227116344
205937,-1
206125,349.22823143300394
206312,-1
206500,622.2539674441618
206593,-1
206687,830.6093951598904
206781,-1
206875,739.9888454232688
206968,-1
206968,739.9888454232688
207062,-1
207062,466.1637615180898
207156,-1
207156,466.1637615180898
207250,-1
207250,698.4564628660079
207343,-1
207343,739.9888454232688
207437,-1
207437,698.4564628660079
207531,-1
207531,739.9888454232688
207718,-1
207718,698.4564628660079
207812,-1
207812,622.2539674441618
207906,-1
207906,739.9888454232688
208000,-1
208000,987.7666025122485
208093,-1
208093,739.9888454232688
208187,-1
208187,554.3652619537442
208281,-1
208281,987.7666025122485
208375,-1
208375,698.4564628660079
208468,-1
208468,554.3652619537442
208562,-1
208562,987.7666025122485
208656,-1
208656,659.2551138257397
208750,-1
208750,554.3652619537442
208843,-1
208843,987.7666025122485
208937,-1
208937,622.2539674441618
209031,-1
209031,554.3652619537442
209125,-1
209125,987.7666025122485
209218,-1
209218,587.3295358348153
209312,-1
209312,554.3652619537442
209406,-1
209406,987.7666025122485
209500,-1
209500,622.2539674441618
209593,-1
209687,830.6093951598904
209781,-1
209875,739.9888454232688
209968,-1
209968,739.9888454232688
210062,-1
210062,466.1637615180898
210156,-1
210156,466.1637615180898
210250,-1
210250,739.9888454232688
210343,-1
210343,830.6093951598904
210437,-1
210437,739.9888454232688
210531,-1
210531,830.6093951598904
210718,-1
210718,739.9888454232688
210812,-1
210812,622.2539674441618
210906,-1
210906,739.9888454232688
211000,-1
211000,1108.7305239074883
211093,-1
211093,739.9888454232688
211187,-1
211187,554.3652619537442
211281,-1
211281,1108.7305239074883
211375,-1
211375,698.4564628660079
211468,-1
211468,554.3652619537442
211562,-1
211562,1108.7305239074883
211656,-1
211656,659.2551138257397
211750,-1
211750,554.3652619537442
211843,-1
211843,1108.7305239074883
211937,-1
211937,622.2539674441618
212031,-1
212031,554.3652619537442
212125,-1
212125,1108.7305239074883
212218,-1
212218,587.3295358348153
212312,-1
212312,554.3652619537442
212406,-1
212406,1108.7305239074883
212500,-1
212500,622.2539674441618
212593,-1
212687,830.6093951598904
212781,-1
212875,739.9888454232688
212968,-1
212968,739.9888454232688
213062,-1
213062,466.1637615180898
213156,-1
213156,466.1637615180898
213250,-1
213250,698.4564628660079
213343,-1
213343,739.9888454232688
213437,-1
213437,698.4564628660079
213531,-1
213531,739.9888454232688
213718,-1
213718,698.4564628660079
213812,-1
213812,622.2539674441618
213906,-1
213906,739.9888454232688
214000,-1
214000,987.7666025122485
214093,-1
214093,739.9888454232688
214187,-1
214187,554.3652619537442
214281,-1
214281,987.7666025122485
214375,-1
214375,698.4564628660079
214468,-1
214468,554.3652619537442
214562,-1
214562,987.7666025122485
214656,-1
214656,659.2551138257397
214750,-1
214750,554.3652619537442
214843,-1
214843,987.7666025122485
214937,-1
214937,622.2539674441618
215031,-1
215031,554.3652619537442
215125,-1
215125,987.7666025122485
215218,-1
215218,587.3295358348153
215312,-1
215312,554.3652619537442
215406,-1
215406,987.7666025122485
215500,-1
215500,622.2539674441618
215593,-1
215687,830.6093951598904
215781,-1
215875,739.9888454232688
215968,-1
215968,739.9888454232688
216062,-1
216062,466.1637615180898
216156,-1
216156,466.1637615180898
216250,-1
216250,739.9888454232688
216343,-1
216343,830.6093951598904
216437,-1
216437,739.9888454232688
216531,-1
216531,830.6093951598904
216718,-1
216718,739.9888454232688
216812,-1
216812,622.2539674441618
216906,-1
216906,739.9888454232688
217000,-1
217000,1108.7305239074883
217093,-1
217093,739.9888454232688
217187,-1
217187,554.3652619537442
217281,-1
217281,1108.7305239074883
217375,-1
217375,698.4564628660079
217468,-1
217468,554.3652619537442
217562,-1
217562,1108.7305239074883
217656,-1
217656,659.2551138257397
217750,-1
217750,554.3652619537442
217843,-1
217843,1108.7305239074883
217937,-1
217937,622.2539674441618
218031,-1
218031,554.3652619537442
218125,-1
218125,1108.7305239074883
218218,-1
218218,587.3295358348153
218312,-1
218312,554.3652619537442
218406,-1
218406,1108.7305239074883
218500,-1
218687,311.1269837220809
218875,-1
219062,311.1269837220809
219250,-1
219437,311.1269837220809
219625,-1
219812,311.1269837220809
220000,-1
220187,369.9944227116344
220375,-1
220562,369.9944227116344
220750,-1
220937,415.3046975799452
221125,-1
221312,415.3046975799452
221500,-1
221500,622.2539674441618
221593,-1
221687,830.6093951598904
221781,-1
221875,739.9888454232688
221968,-1
221968,739.9888454232688
222062,-1
222062,466.1637615180898
222156,-1
222156,466.1637615180898
222250,-1
222250,698.4564628660079
222343,-1
222343,739.9888454232688
222437,-1
222437,698.4564628660079
222531,-1
222531,739.9888454232688
222718,-1
222718,698.4564628660079
222812,-1
222812,622.2539674441618
222906,-1
222906,739.9888454232688
223000,-1
223000,1108.7305239074883
223093,-1
223093,739.9888454232688
223187,-1
223187,554.3652619537442
223281,-1
223281,1108.7305239074883
223375,-1
223375,698.4564628660079
223468,-1
223468,554.3652619537442
223562,-1
223562,1108.7305239074883
223656,-1
223656,659.2551138257397
223750,-1
223750,554.3652619537442
223843,-1
223843,1108.7305239074883
223937,-1
223937,622.2539674441618
224031,-1
224031,554.3652619537442
224125,-1
224125,1108.7305239074883
224218,-1
224218,587.3295358348153
224312,-1
224312,554.3652619537442
224406,-1
224406,1108.7305239074883
224500,-1
224687,311.1269837220809
224875,-1
225062,311.1269837220809
225250,-1
225437,311.1269837220809
225625,-1
225812,311.1269837220809
226000,-1
226187,369.9944227116344
226375,-1
226562,369.9944227116344
226750,-1
226937,415.3046975799452
227125,-1
227312,415.3046975799452
227500,-1
227500,622.2539674441618
227593,-1
227687,830.6093951598904
227781,-1
227875,739.9888454232688
227968,-1
227968,739.9888454232688
228062,-1
228062,554.3652619537442
228156,-1
228156,554.3652619537442
228250,-1
228250,698.4564628660079
228343,-1
228343,739.9888454232688
228437,-1
228437,698.4564628660079
228531,-1
228531,739.9888454232688
228718,-1
228718,698.4564628660079
228812,-1
228812,554.3652619537442
228906,-1
228906,739.9888454232688
229000,-1
229000,1108.7305239074883
229093,-1
229093,739.9888454232688
229187,-1
229187,554.3652619537442
229281,-1
229281,1108.7305239074883
229375,-1
229375,698.4564628660079
229468,-1
229468,554.3652619537442
229562,-1
229562,1108.7305239074883
229656,-1
229656,659.2551138257397
229750,-1
229750,554.3652619537442
229843,-1
229843,1108.7305239074883
229937,-1
229937,622.2539674441618
230031,-1
230031,554.3652619537442
230125,-1
230125,1108.7305239074883
230218,-1
230218,587.3295358348153
230312,-1
230312,554.3652619537442
230406,-1
230406,1108.7305239074883
230500,-1
233500,155.56349186104046
234250,-1
234250,207.65234878997256
235000,-1
235000,233.0818807590449
235750,-1
235750,277.1826309768721
236500,-1
239500,277.1826309768721
240062,-1
240250,277.1826309768721
240625,-1
240812,233.0818807590449
241140,-1
241187,233.0818807590449
241328,-1
241375,233.0818807590449
241515,-1
241562,233.0818807590449
241703,-1
241750,233.0818807590449
241890,-1
241937,233.0818807590449
242125,-1
242687,311.1269837220809
242875,-1
243062,311.1269837220809
243250,-1
243437,311.1269837220809
243625,-1
243812,311.1269837220809
244000,-1
244187,369.9944227116344
244375,-1
244562,369.9944227116344
244750,-1
244937,415.3046975799452
245125,-1
245312,415.3046975799452
245500,-1
245500,622.2539674441618
245593,-1
245687,830.6093951598904
245781,-1
245875,739.9888454232688
245968,-1
245968,739.9888454232688
246062,-1
246062,466.1637615180898
246156,-1
246156,466.1637615180898
246250,-1
246250,698.4564628660079
246343,-1
246343,739.9888454232688
246437,-1
246437,698.4564628660079
246531,-1
246531,739.9888454232688
246718,-1
246718,698.4564628660079
246812,-1
246812,622.2539674441618
246906,-1
246906,739.9888454232688
247000,-1
247000,1108.7305239074883
247093,-1
247093,739.9888454232688
247187,-1
247187,554.3652619537442
247281,-1
247281,1108.7305239074883
247375,-1
247375,698.4564628660079
247468,-1
247468,554.3652619537442
247562,-1
247562,1108.7305239074883
247656,-1
247656,659.2551138257397
247750,-1
247750,554.3652619537442
247843,-1
247843,1108.7305239074883
247937,-1
247937,622.2539674441618
248031,-1
248031,554.3652619537442
248125,-1
248125,1108.7305239074883
248218,-1
248218,587.3295358348153
248312,-1
248312,554.3652619537442
248406,-1
248406,1108.7305239074883
248500,-1
248687,311.1269837220809
248875,-1
249062,311.1269837220809
249250,-1
249437,311.1269837220809
249625,-1
249812,311.1269837220809
250000,-1
250187,369.9944227116344
250375,-1
250562,369.9944227116344
250750,-1
250937,415.3046975799452
251125,-1
251312,415.3046975799452
251500,-1
251500,622.2539674441618
251593,-1
251687,830.6093951598904
251781,-1
251875,739.9888454232688
251968,-1
251968,739.9888454232688
252062,-1
252062,466.1637615180898
252156,-1
252156,466.1637615180898
252250,-1
252250,698.4564628660079
252343,-1
252343,739.9888454232688
252437,-1
252437,698.4564628660079
252531,-1
252531,739.9888454232688
252718,-1
252718,698.4564628660079
252812,-1
252812,622.2539674441618
252906,-1
252906,739.9888454232688
253000,-1
253000,1108.7305239074883
253093,-1
253093,739.9888454232688
253187,-1
253187,554.3652619537442
253281,-1
253281,1108.7305239074883
253375,-1
253375,698.4564628660079
253468,-1
253468,554.3652619537442
253562,-1
253562,1108.7305239074883
253656,-1
253656,659.2551138257397
253750,-1
253750,554.3652619537442
253843,-1
253843,1108.7305239074883
253937,-1
253937,622.2539674441618
254031,-1
254031,554.3652619537442
254125,-1
254125,1108.7305239074883
254218,-1
254218,587.3295358348153
254312,-1
254312,554.3652619537442
254406,-1
254406,1108.7305239074883
254500,-1
257500,155.56349186104046
258250,-1
258250,207.65234878997256
259000,-1
259000,233.0818807590449
259750,-1
259750,277.1826309768721
260500,-1
263500,277.1826309768721
264062,-1
264250,277.1826309768721
264625,-1
264812,233.0818807590449
265140,-1
265187,233.0818807590449
265328,-1
265375,233.0818807590449
265515,-1
265562,233.0818807590449
265703,-1
265750,233.0818807590449
265890,-1
265937,233.0818807590449
266125,-1
266500,311.1269837220809
266687,-1
266875,311.1269837220809
267062,-1
267250,622.2539674441618
267343,-1
267437,830.6093951598904
267531,-1
267625,739.9888454232688
267718,-1
267718,739.9888454232688
267812,-1
267812,466.1637615180898
267906,-1
267906,466.1637615180898
268000,-1
268000,698.4564628660079
268093,-1
268093,739.9888454232688
268187,-1
268187,698.4564628660079
268281,-1
268281,739.9888454232688
268468,-1
268468,698.4564628660079
268562,-1
268562,622.2539674441618
268656,-1
268656,739.9888454232688
268750,-1
268750,987.7666025122485
268843,-1
268843,739.9888454232688
268937,-1
268937,554.3652619537442
269031,-1
269031,987.7666025122485
269125,-1
269125,698.4564628660079
269218,-1
269218,554.3652619537442
269312,-1
269312,987.7666025122485
269406,-1
269406,659.2551138257397
269500,-1
269500,554.3652619537442
269593,-1
269593,987.7666025122485
269687,-1
269687,622.2539674441618
269781,-1
269781,554.3652619537442
269875,-1
269875,987.7666025122485
269968,-1
269968,587.3295358348153
270062,-1
270062,554.3652619537442
270156,-1
270156,987.7666025122485
270250,-1
270250,622.2539674441618
270343,-1
270437,830.6093951598904
270531,-1
270625,739.9888454232688
270718,-1
270718,739.9888454232688
270812,-1
270812,466.1637615180898
270906,-1
270906,466.1637615180898
271000,-1
271000,739.9888454232688
271093,-1
271093,830.6093951598904
271187,-1
271187,739.9888454232688
271281,-1
271281,830.6093951598904
271468,-1
271468,739.9888454232688
271562,-1
271562,622.2539674441618
271656,-1
271656,739.9888454232688
271750,-1
271750,1108.7305239074883
271843,-1
271843,739.9888454232688
271937,-1
271937,554.3652619537442
272031,-1
272031,1108.7305239074883
272125,-1
272125,698.4564628660079
272218,-1
272218,554.3652619537442
272312,-1
272312,1108.7305239074883
272406,-1
272406,659.2551138257397
272500,-1
272500,554.3652619537442
272593,-1
272593,1108.7305239074883
272687,-1
272687,622.2539674441618
272781,-1
272781,554.3652619537442
272875,-1
272875,1108.7305239074883
272968,-1
272968,587.3295358348153
273062,-1
273062,554.3652619537442
273156,-1
273156,1108.7305239074883
273250,-1
273250,622.2539674441618
273343,-1
273437,830.6093951598904
273531,-1
273625,739.9888454232688
273718,-1
273718,739.9888454232688
273812,-1
273812,466.1637615180898
273906,-1
273906,466.1637615180898
274000,-1
274000,698.4564628660079
274093,-1
274093,739.9888454232688
274187,-1
274187,698.4564628660079
274281,-1
274281,739.9888454232688
274468,-1
274468,698.4564628660079
274562,-1
274562,622.2539674441618
274656,-1
274656,739.9888454232688
274750,-1
274750,987.7666025122485
274843,-1
274843,739.9888454232688
274937,-1
274937,554.3652619537442
275031,-1
275031,987.7666025122485
275125,-1
275125,698.4564628660079
275218,-1
275218,554.3652619537442
275312,-1
275312,987.7666025122485
275406,-1
275406,659.2551138257397
275500,-1
275500,554.3652619537442
275593,-1
275593,987.7666025122485
275687,-1
275687,622.2539674441618
275781,-1
275781,554.3652619537442
275875,-1
275875,987.7666025122485
275968,-1
275968,587.3295358348153
276062,-1
276062,554.3652619537442
276156,-1
276156,987.7666025122485
276250,-1
276250,622.2539674441618
276343,-1
276437,830.6093951598904
276531,-1
276625,739.9888454232688
276718,-1
276718,739.9888454232688
276812,-1
276812,466.1637615180898
276906,-1
276906,466.1637615180898
277000,-1
277000,739.9888454232688
277093,-1
277093,830.6093951598904
277187,-1
277187,739.9888454232688
277281,-1
277281,830.6093951598904
277468,-1
277468,739.9888454232688
277562,-1
277562,622.2539674441618
277656,-1
277656,739.9888454232688
277750,-1
278500,369.9944227116344
278687,-1
278875,349.22823143300394
279062,-1
279437,311.1269837220809
279625,-1
279812,311.1269837220809
280000,-1
280187,311.1269837220809
280375,-1
280562,311.1269837220809
280750,-1
280937,246.94165062806212
281125,-1
281312,246.94165062806212
281500,-1
281687,246.94165062806212
281875,-1
282062,246.94165062806212
282250,-1
282437,277.1826309768721
282625,-1
282812,277.1826309768721
283000,-1
283187,277.1826309768721
283375,-1
283562,277.1826309768721
283750,-1
283937,415.3046975799452
284125,-1
284312,415.3046975799452
284500,-1
284687,369.9944227116344
284875,-1
285062,369.9944227116344
285250,-1
285437,311.1269837220809
285625,-1
285812,311.1269837220809
286000,-1
286187,311.1269837220809
286375,-1
286562,311.1269837220809
286750,-1
286937,246.94165062806212
287125,-1
287312,246.94165062806212
287500,-1
287687,246.94165062806212
287875,-1
288062,246.94165062806212
288250,-1
288437,277.1826309768721
288625,-1
288812,277.1826309768721
289000,-1
289187,277.1826309768721
289375,-1
289562,277.1826309768721
289750,-1
289937,415.3046975799452
290125,-1
290312,415.3046975799452
290500,-1
290687,369.9944227116344
290875,-1
291062,369.9944227116344
291250,-1
