17471,493.88330125612424
17525,-1
17580,493.88330125612424
17634,-1
17688,493.88330125612424
17743,-1
17797,493.88330125612424
17851,-1
17906,493.88330125612424
18123,-1
20514,587.3295358348153
20623,-1
20949,493.88330125612424
21003,-1
21058,493.88330125612424
21112,-1
21166,493.88330125612424
21221,-1
21275,493.88330125612424
21330,-1
21384,493.88330125612424
21601,-1
24427,493.88330125612424
24482,-1
24536,493.88330125612424
24590,-1
24645,493.88330125612424
24699,-1
24753,493.88330125612424
24808,-1
24862,493.88330125612424
25080,-1
26166,493.88330125612424
26221,-1
26275,493.88330125612424
26330,-1
26384,493.88330125612424
26438,-1
26493,493.88330125612424
26547,-1
26601,493.88330125612424
26819,-1
27906,493.88330125612424
27960,-1
28014,493.88330125612424
28069,-1
28123,493.88330125612424
28177,-1
28232,493.88330125612424
28286,-1
28340,493.88330125612424
28558,-1
28775,493.88330125612424
28830,-1
28884,493.88330125612424
28938,-1
28993,493.88330125612424
29047,-1
29101,493.88330125612424
29156,-1
29210,493.88330125612424
29427,-1
29645,493.88330125612424
29699,-1
29753,493.88330125612424
29808,-1
29862,493.88330125612424
29916,-1
29971,493.88330125612424
30025,-1
30080,493.88330125612424
30243,-1
30297,493.88330125612424
30351,-1
30514,493.88330125612424
30569,-1
30623,493.88330125612424
30677,-1
30732,493.88330125612424
30786,-1
30840,493.88330125612424
30895,-1
30949,493.88330125612424
31112,-1
31166,493.88330125612424
31221,-1
31384,493.88330125612424
31438,-1
31493,493.88330125612424
31547,-1
31601,493.88330125612424
31656,-1
31710,493.88330125612424
31764,-1
31819,493.88330125612424
31982,-1
32036,493.88330125612424
32090,-1
32145,493.88330125612424
32199,-1
32253,493.88330125612424
32308,-1
32362,493.88330125612424
32416,-1
32471,493.88330125612424
32525,-1
32580,493.88330125612424
32634,-1
32688,493.88330125612424
32851,-1
32906,659.2551138257397
32960,-1
33014,659.2551138257397
33069,-1
33123,659.2551138257397
33177,-1
33232,659.2551138257397
33286,-1
33340,659.2551138257397
33395,-1
33449,659.2551138257397
33503,-1
33558,659.2551138257397
33721,-1
33775,587.3295358348153
33830,-1
33884,587.3295358348153
33938,-1
33993,587.3295358348153
34047,-1
34101,587.3295358348153
34156,-1
34210,587.3295358348153
34264,-1
34319,587.3295358348153
34373,-1
34427,587.3295358348153
34590,-1
34645,440
34699,-1
34753,440
34808,-1
34862,493.88330125612424
34916,-1
34971,493.88330125612424
35025,-1
35080,493.88330125612424
35134,-1
35188,493.88330125612424
35243,-1
35297,493.88330125612424
35460,-1
35514,493.88330125612424
35569,-1
35623,493.88330125612424
35677,-1
35732,493.88330125612424
35786,-1
35840,493.88330125612424
35895,-1
35949,493.88330125612424
36003,-1
36058,493.88330125612424
36112,-1
36166,493.88330125612424
36330,-1
36384,659.2551138257397
36438,-1
36493,659.2551138257397
36547,-1
36601,493.88330125612424
36656,-1
36710,493.88330125612424
36764,-1
36819,493.88330125612424
36873,-1
36927,493.88330125612424
36982,-1
37036,493.88330125612424
37199,-1
37253,493.88330125612424
37308,-1
37362,493.88330125612424
37416,-1
37471,493.88330125612424
37525,-1
37580,493.88330125612424
37634,-1
37688,493.88330125612424
37743,-1
37797,493.88330125612424
37851,-1
37906,493.88330125612424
38069,-1
38123,659.2551138257397
38177,-1
38232,659.2551138257397
38286,-1
38340,493.88330125612424
38395,-1
38449,493.88330125612424
38503,-1
38558,493.88330125612424
38612,-1
38666,493.88330125612424
38721,-1
38775,493.88330125612424
38938,-1
38993,493.88330125612424
39047,-1
39101,493.88330125612424
39156,-1
39210,493.88330125612424
39264,-1
39319,493.88330125612424
39373,-1
39427,493.88330125612424
39482,-1
39536,493.88330125612424
39590,-1
39645,493.88330125612424
39808,-1
39862,659.2551138257397
39916,-1
39971,659.2551138257397
40025,-1
40080,659.2551138257397
40134,-1
40188,659.2551138257397
40243,-1
40297,659.2551138257397
40351,-1
40406,659.2551138257397
40460,-1
40514,659.2551138257397
40677,-1
40732,587.3295358348153
40786,-1
40840,587.3295358348153
40895,-1
40949,587.3295358348153
41003,-1
41058,587.3295358348153
41112,-1
41166,587.3295358348153
41221,-1
41275,587.3295358348153
41330,-1
41384,587.3295358348153
41547,-1
41601,440
41656,-1
41710,440
41764,-1
41819,493.88330125612424
41873,-1
41927,493.88330125612424
41982,-1
42036,493.88330125612424
42090,-1
42145,493.88330125612424
42199,-1
42253,493.88330125612424
42416,-1
42471,493.88330125612424
42525,-1
42580,493.88330125612424
42634,-1
42688,493.88330125612424
42743,-1
42797,493.88330125612424
42851,-1
42906,493.88330125612424
42960,-1
43014,493.88330125612424
43069,-1
43123,493.88330125612424
43286,-1
43340,659.2551138257397
43395,-1
43449,659.2551138257397
43503,-1
43558,493.88330125612424
43612,-1
43666,493.88330125612424
43721,-1
43775,493.88330125612424
43830,-1
43884,493.88330125612424
43938,-1
43993,493.88330125612424
44156,-1
44210,493.88330125612424
44264,-1
44319,493.88330125612424
44373,-1
44427,493.88330125612424
44482,-1
44536,493.88330125612424
44590,-1
44645,493.88330125612424
44699,-1
44753,493.88330125612424
44808,-1
44862,493.88330125612424
45025,-1
45080,659.2551138257397
45134,-1
45188,659.2551138257397
45243,-1
45297,493.88330125612424
45351,-1
45406,493.88330125612424
45460,-1
45514,493.88330125612424
45569,-1
45623,493.88330125612424
45677,-1
45732,493.88330125612424
45895,-1
45949,493.88330125612424
46003,-1
46058,493.88330125612424
46112,-1
46166,493.88330125612424
46221,-1
46275,493.88330125612424
46330,-1
46384,493.88330125612424
46438,-1
46493,493.88330125612424
46547,-1
46601,493.88330125612424
46764,-1
46819,659.2551138257397
46873,-1
46927,659.2551138257397
46982,-1
47036,659.2551138257397
47090,-1
47145,659.2551138257397
47199,-1
47253,659.2551138257397
47308,-1
47362,659.2551138257397
47416,-1
47471,659.2551138257397
47634,-1
47688,587.3295358348153
47743,-1
47797,587.3295358348153
47851,-1
47906,587.3295358348153
47960,-1
48014,587.3295358348153
48069,-1
48123,587.3295358348153
48177,-1
48232,587.3295358348153
48286,-1
48340,587.3295358348153
48503,-1
48558,440
48612,-1
48666,440
48721,-1
48775,493.88330125612424
48830,-1
48884,493.88330125612424
48938,-1
48993,493.88330125612424
49047,-1
49101,493.88330125612424
49156,-1
49210,493.88330125612424
49373,-1
49427,493.88330125612424
49482,-1
49536,493.88330125612424
49590,-1
49645,493.88330125612424
49699,-1
49753,493.88330125612424
49808,-1
49862,493.88330125612424
49916,-1
49971,493.88330125612424
50025,-1
50080,493.88330125612424
50243,-1
50297,659.2551138257397
50351,-1
50406,659.2551138257397
50460,-1
50514,493.88330125612424
50569,-1
50623,493.88330125612424
50677,-1
50732,493.88330125612424
50786,-1
50840,493.88330125612424
50895,-1
50949,493.88330125612424
51112,-1
51166,493.88330125612424
51221,-1
51275,493.88330125612424
51330,-1
51384,493.88330125612424
51438,-1
51493,493.88330125612424
51547,-1
51601,493.88330125612424
51656,-1
51710,493.88330125612424
51764,-1
51819,493.88330125612424
51982,-1
52036,659.2551138257397
52090,-1
52145,659.2551138257397
52199,-1
52253,493.88330125612424
52308,-1
52362,493.88330125612424
52416,-1
52471,493.88330125612424
52525,-1
52580,493.88330125612424
52634,-1
52688,493.88330125612424
52851,-1
52906,493.88330125612424
52960,-1
53014,493.88330125612424
53069,-1
53123,493.88330125612424
53177,-1
53232,493.88330125612424
53286,-1
53340,493.88330125612424
53395,-1
53449,493.88330125612424
53503,-1
53558,493.88330125612424
53721,-1
53775,659.2551138257397
53830,-1
53884,659.2551138257397
53938,-1
53993,659.2551138257397
54047,-1
54101,659.2551138257397
54156,-1
54210,659.2551138257397
54264,-1
54319,659.2551138257397
54373,-1
54427,659.2551138257397
54590,-1
54645,587.3295358348153
54699,-1
54753,587.3295358348153
54808,-1
54862,587.3295358348153
54916,-1
54971,587.3295358348153
55025,-1
55080,587.3295358348153
55134,-1
55188,587.3295358348153
55243,-1
55297,587.3295358348153
55460,-1
55514,440
55569,-1
55623,440
55677,-1
55732,493.88330125612424
55786,-1
55840,493.88330125612424
55895,-1
55949,493.88330125612424
56003,-1
56058,493.88330125612424
56112,-1
56166,493.88330125612424
56330,-1
56384,493.88330125612424
56438,-1
56493,493.88330125612424
56547,-1
56601,493.88330125612424
56656,-1
56710,493.88330125612424
56764,-1
56819,493.88330125612424
56873,-1
56927,493.88330125612424
56982,-1
57036,493.88330125612424
57199,-1
57253,659.2551138257397
57308,-1
57362,659.2551138257397
57416,-1
57471,493.88330125612424
57525,-1
57580,493.88330125612424
57634,-1
57688,493.88330125612424
57743,-1
57797,493.88330125612424
57851,-1
57906,493.88330125612424
58069,-1
58123,493.88330125612424
58177,-1
58232,493.88330125612424
58286,-1
58340,493.88330125612424
58395,-1
58449,493.88330125612424
58503,-1
58558,493.88330125612424
58612,-1
58666,493.88330125612424
58721,-1
58775,493.88330125612424
58938,-1
58993,659.2551138257397
59047,-1
59101,659.2551138257397
59156,-1
59210,493.88330125612424
59264,-1
59319,493.88330125612424
59373,-1
59427,493.88330125612424
59482,-1
59536,493.88330125612424
59590,-1
59645,493.88330125612424
59808,-1
59862,493.88330125612424
59916,-1
59971,493.88330125612424
60025,-1
60080,493.88330125612424
60134,-1
60188,493.88330125612424
60243,-1
60297,493.88330125612424
60351,-1
60406,493.88330125612424
60460,-1
60514,493.88330125612424
60677,-1
60732,587.3295358348153
60895,-1
60949,493.88330125612424
61003,-1
61058,493.88330125612424
61112,-1
61166,493.88330125612424
61221,-1
61275,493.88330125612424
61330,-1
61384,493.88330125612424
61547,-1
61601,493.88330125612424
61656,-1
61710,493.88330125612424
61764,-1
61819,493.88330125612424
61873,-1
61927,493.88330125612424
61982,-1
62036,493.88330125612424
62090,-1
62145,493.88330125612424
62199,-1
62253,587.3295358348153
62416,-1
62471,587.3295358348153
62634,-1
62688,493.88330125612424
62743,-1
62797,493.88330125612424
62851,-1
62906,493.88330125612424
62960,-1
63014,493.88330125612424
63069,-1
63123,493.88330125612424
63286,-1
63340,493.88330125612424
63395,-1
63449,493.88330125612424
63503,-1
63558,493.88330125612424
63612,-1
63666,493.88330125612424
63721,-1
63775,493.88330125612424
63830,-1
63884,493.88330125612424
63938,-1
63993,493.88330125612424
64156,-1
64210,659.2551138257397
64264,-1
64319,659.2551138257397
64373,-1
64427,659.2551138257397
64482,-1
64536,659.2551138257397
64590,-1
64645,659.2551138257397
64699,-1
64753,659.2551138257397
64808,-1
64862,659.2551138257397
65025,-1
65080,587.3295358348153
65134,-1
65188,587.3295358348153
65243,-1
65297,587.3295358348153
65351,-1
65406,587.3295358348153
65460,-1
65514,587.3295358348153
65569,-1
65623,587.3295358348153
65677,-1
65732,587.3295358348153
65895,-1
65949,440
66112,-1
66167,493.88330125612424
66221,-1
66275,493.88330125612424
66330,-1
66384,493.88330125612424
66438,-1
66493,493.88330125612424
66547,-1
66601,493.88330125612424
66764,-1
66819,493.88330125612424
66873,-1
66927,493.88330125612424
66982,-1
67036,493.88330125612424
67090,-1
67145,493.88330125612424
67199,-1
67253,493.88330125612424
67308,-1
67362,493.88330125612424
67417,-1
67471,493.88330125612424
67634,-1
67688,587.3295358348153
67851,-1
67906,493.88330125612424
67960,-1
68014,493.88330125612424
68069,-1
68123,493.88330125612424
68177,-1
68232,493.88330125612424
68286,-1
68340,493.88330125612424
68503,-1
68558,493.88330125612424
68612,-1
68667,493.88330125612424
68721,-1
68775,493.88330125612424
68830,-1
68884,493.88330125612424
68938,-1
68993,493.88330125612424
69047,-1
69101,493.88330125612424
69156,-1
69210,587.3295358348153
69373,-1
69427,587.3295358348153
69590,-1
69645,493.88330125612424
69699,-1
69753,493.88330125612424
69808,-1
69862,493.88330125612424
69917,-1
69971,493.88330125612424
70025,-1
70080,493.88330125612424
70243,-1
70297,493.88330125612424
70351,-1
70406,493.88330125612424
70460,-1
70514,493.88330125612424
70569,-1
70623,493.88330125612424
70677,-1
70732,493.88330125612424
70786,-1
70840,493.88330125612424
70895,-1
70949,493.88330125612424
71112,-1
71167,659.2551138257397
71221,-1
71275,659.2551138257397
71330,-1
71384,659.2551138257397
71438,-1
71493,659.2551138257397
71547,-1
71601,659.2551138257397
71656,-1
71710,659.2551138257397
71764,-1
71819,659.2551138257397
71982,-1
72036,587.3295358348153
72090,-1
72145,587.3295358348153
72199,-1
72253,587.3295358348153
72308,-1
72362,587.3295358348153
72417,-1
72471,587.3295358348153
72525,-1
72580,587.3295358348153
72634,-1
72688,587.3295358348153
72851,-1
72906,440
73069,-1
73123,493.88330125612424
73177,-1
73232,493.88330125612424
73286,-1
73340,493.88330125612424
73395,-1
73449,493.88330125612424
73503,-1
73558,493.88330125612424
73721,-1
73775,493.88330125612424
73830,-1
73884,493.88330125612424
73938,-1
73993,493.88330125612424
74047,-1
74101,493.88330125612424
74156,-1
74210,493.88330125612424
74264,-1
74319,493.88330125612424
74373,-1
74427,587.3295358348153
74590,-1
74645,587.3295358348153
74808,-1
74862,493.88330125612424
74917,-1
74971,493.88330125612424
75025,-1
75080,493.88330125612424
75134,-1
75188,493.88330125612424
75243,-1
75297,493.88330125612424
75460,-1
75514,493.88330125612424
75569,-1
75623,493.88330125612424
75677,-1
75732,493.88330125612424
75786,-1
75840,493.88330125612424
75895,-1
75949,493.88330125612424
76003,-1
76058,493.88330125612424
76112,-1
76167,587.3295358348153
76330,-1
76384,587.3295358348153
76547,-1
76601,493.88330125612424
76656,-1
76710,493.88330125612424
76764,-1
76819,493.88330125612424
76873,-1
76927,493.88330125612424
76982,-1
77036,587.3295358348153
77199,-1
77253,587.3295358348153
77417,-1
77471,493.88330125612424
77525,-1
77580,493.88330125612424
77634,-1
77688,493.88330125612424
77743,-1
77797,493.88330125612424
77851,-1
77906,587.3295358348153
78069,-1
78123,587.3295358348153
78286,-1
78340,493.88330125612424
78395,-1
78449,493.88330125612424
78503,-1
78558,587.3295358348153
78721,-1
78775,493.88330125612424
78830,-1
78884,493.88330125612424
78938,-1
78993,587.3295358348153
79156,-1
79210,493.88330125612424
79264,-1
79319,493.88330125612424
79373,-1
79427,587.3295358348153
79590,-1
79645,493.88330125612424
79699,-1
79753,493.88330125612424
79808,-1
79862,587.3295358348153
80025,-1
107906,493.88330125612424
107960,-1
108014,493.88330125612424
108069,-1
108123,493.88330125612424
108177,-1
108232,493.88330125612424
108286,-1
108340,493.88330125612424
108558,-1
110949,587.3295358348153
111167,-1
111384,493.88330125612424
111438,-1
111493,493.88330125612424
111547,-1
111601,493.88330125612424
111656,-1
111710,493.88330125612424
111764,-1
111819,493.88330125612424
112036,-1
114862,493.88330125612424
114917,-1
114971,493.88330125612424
115025,-1
115080,493.88330125612424
115134,-1
115188,493.88330125612424
115243,-1
115297,493.88330125612424
115514,-1
117906,587.3295358348153
118069,-1
118340,659.2551138257397
118395,-1
118449,659.2551138257397
118504,-1
118558,659.2551138257397
118612,-1
118667,659.2551138257397
118721,-1
118775,659.2551138257397
118938,-1
118993,587.3295358348153
119101,-1
121819,493.88330125612424
121873,-1
121927,493.88330125612424
121982,-1
122036,493.88330125612424
122090,-1
122145,493.88330125612424
122199,-1
122254,493.88330125612424
122471,-1
123558,493.88330125612424
123612,-1
123667,493.88330125612424
123721,-1
123775,493.88330125612424
123830,-1
123884,493.88330125612424
123938,-1
123993,493.88330125612424
124210,-1
125297,493.88330125612424
125351,-1
125406,493.88330125612424
125460,-1
125514,493.88330125612424
125569,-1
125623,493.88330125612424
125677,-1
125732,493.88330125612424
125949,-1
127036,493.88330125612424
127090,-1
127145,493.88330125612424
127199,-1
127254,493.88330125612424
127308,-1
127362,493.88330125612424
127417,-1
127471,493.88330125612424
127688,-1
128558,587.3295358348153
128721,-1
128775,493.88330125612424
128830,-1
128884,493.88330125612424
128938,-1
128993,493.88330125612424
129047,-1
129101,493.88330125612424
129156,-1
129210,493.88330125612424
129427,-1
129645,493.88330125612424
129699,-1
129754,493.88330125612424
129808,-1
129862,493.88330125612424
129917,-1
129971,493.88330125612424
130025,-1
130080,493.88330125612424
130297,-1
130514,493.88330125612424
130569,-1
130623,493.88330125612424
130677,-1
130732,493.88330125612424
130786,-1
130840,493.88330125612424
130895,-1
130949,493.88330125612424
131167,-1
131384,493.88330125612424
131438,-1
131493,493.88330125612424
131547,-1
131601,493.88330125612424
131656,-1
131710,493.88330125612424
131764,-1
131819,493.88330125612424
132036,-1
132254,493.88330125612424
132308,-1
132362,493.88330125612424
132417,-1
132471,493.88330125612424
132525,-1
132580,493.88330125612424
132634,-1
132688,493.88330125612424
132906,-1
133123,493.88330125612424
133177,-1
133232,493.88330125612424
133286,-1
133340,493.88330125612424
133395,-1
133449,493.88330125612424
133504,-1
133558,493.88330125612424
133775,-1
133993,493.88330125612424
134047,-1
134101,493.88330125612424
134156,-1
134210,493.88330125612424
134264,-1
134319,493.88330125612424
134373,-1
134427,493.88330125612424
134645,-1
134862,493.88330125612424
134917,-1
134971,493.88330125612424
135025,-1
135080,493.88330125612424
135134,-1
135188,493.88330125612424
135243,-1
135297,493.88330125612424
135514,-1
135732,493.88330125612424
135786,-1
135840,493.88330125612424
135895,-1
135949,493.88330125612424
136004,-1
136058,493.88330125612424
136112,-1
136167,493.88330125612424
136221,-1
136275,493.88330125612424
136330,-1
136384,493.88330125612424
136438,-1
136493,493.88330125612424
136547,-1
136601,493.88330125612424
136656,-1
136710,493.88330125612424
136764,-1
136819,493.88330125612424
136873,-1
136927,493.88330125612424
136982,-1
137036,493.88330125612424
137090,-1
137145,493.88330125612424
137199,-1
137254,493.88330125612424
137308,-1
137362,493.88330125612424
137417,-1
137471,493.88330125612424
137525,-1
137580,493.88330125612424
137634,-1
137688,493.88330125612424
137743,-1
137797,493.88330125612424
137851,-1
137906,493.88330125612424
137960,-1
138014,493.88330125612424
138069,-1
138123,493.88330125612424
138177,-1
138232,493.88330125612424
138286,-1
138340,493.88330125612424
138395,-1
138449,493.88330125612424
138504,-1
138558,493.88330125612424
138612,-1
138667,493.88330125612424
138721,-1
138775,493.88330125612424
138830,-1
138884,493.88330125612424
138938,-1
138993,493.88330125612424
139047,-1
139101,493.88330125612424
139156,-1
139210,493.88330125612424
139264,-1
139319,493.88330125612424
139373,-1
139427,493.88330125612424
139482,-1
139536,493.88330125612424
139590,-1
139645,493.88330125612424
139699,-1
139754,493.88330125612424
139808,-1
139862,493.88330125612424
139917,-1
139971,493.88330125612424
140025,-1
140080,493.88330125612424
140134,-1
140188,493.88330125612424
140243,-1
140297,493.88330125612424
140351,-1
140406,493.88330125612424
140460,-1
140514,493.88330125612424
140569,-1
140623,493.88330125612424
140677,-1
140732,493.88330125612424
140786,-1
140840,493.88330125612424
140895,-1
140949,493.88330125612424
141004,-1
141058,493.88330125612424
141112,-1
141167,493.88330125612424
141221,-1
141275,493.88330125612424
141330,-1
141384,493.88330125612424
141438,-1
141493,493.88330125612424
141547,-1
141601,493.88330125612424
141656,-1
141710,493.88330125612424
141764,-1
141819,493.88330125612424
141873,-1
141927,493.88330125612424
141982,-1
142036,493.88330125612424
142090,-1
142145,493.88330125612424
142199,-1
142254,493.88330125612424
142308,-1
142362,493.88330125612424
142417,-1
142471,493.88330125612424
142525,-1
142580,493.88330125612424
142634,-1
142688,493.88330125612424
142743,-1
142797,493.88330125612424
142851,-1
142906,493.88330125612424
142960,-1
143014,493.88330125612424
143069,-1
143123,493.88330125612424
143286,-1
143340,493.88330125612424
143395,-1
143449,493.88330125612424
143504,-1
143558,493.88330125612424
143612,-1
143667,493.88330125612424
143721,-1
143775,493.88330125612424
143830,-1
143884,493.88330125612424
143938,-1
143993,493.88330125612424
144156,-1
144210,659.2551138257397
144264,-1
144319,659.2551138257397
144373,-1
144427,659.2551138257397
144482,-1
144536,659.2551138257397
144590,-1
144645,659.2551138257397
144699,-1
144754,659.2551138257397
144808,-1
144862,659.2551138257397
145025,-1
145080,587.3295358348153
145134,-1
145188,587.3295358348153
145243,-1
145297,587.3295358348153
145351,-1
145406,587.3295358348153
145460,-1
145514,587.3295358348153
145569,-1
145623,587.3295358348153
145677,-1
145732,587.3295358348153
145895,-1
145949,440
146004,-1
146058,440
146112,-1
146167,493.88330125612424
146221,-1
146275,493.88330125612424
146330,-1
146384,493.88330125612424
146438,-1
146493,493.88330125612424
146547,-1
146601,493.88330125612424
146764,-1
146819,493.88330125612424
146873,-1
146927,493.88330125612424
146982,-1
147036,493.88330125612424
147090,-1
147145,493.88330125612424
147199,-1
147254,493.88330125612424
147308,-1
147362,493.88330125612424
147417,-1
147471,493.88330125612424
147634,-1
147688,659.2551138257397
147743,-1
147797,659.2551138257397
147851,-1
147906,493.88330125612424
147960,-1
148014,493.88330125612424
148069,-1
148123,493.88330125612424
148177,-1
148232,493.88330125612424
148286,-1
148340,493.88330125612424
148504,-1
148558,493.88330125612424
148612,-1
148667,493.88330125612424
148721,-1
148775,493.88330125612424
148830,-1
148884,493.88330125612424
148938,-1
148993,493.88330125612424
149047,-1
149101,493.88330125612424
149156,-1
149210,493.88330125612424
149373,-1
149427,659.2551138257397
149482,-1
149536,659.2551138257397
149590,-1
149645,493.88330125612424
149699,-1
149754,493.88330125612424
149808,-1
149862,493.88330125612424
149917,-1
149971,493.88330125612424
150025,-1
150080,493.88330125612424
150243,-1
150297,493.88330125612424
150351,-1
150406,493.88330125612424
150460,-1
150514,493.88330125612424
150569,-1
150623,493.88330125612424
150677,-1
150732,493.88330125612424
150786,-1
150840,493.88330125612424
150895,-1
150949,493.88330125612424
151112,-1
151167,659.2551138257397
151221,-1
151275,659.2551138257397
151330,-1
151384,659.2551138257397
151438,-1
151493,659.2551138257397
151547,-1
151601,659.2551138257397
151656,-1
151710,659.2551138257397
151764,-1
151819,659.2551138257397
151982,-1
152036,587.3295358348153
152090,-1
152145,587.3295358348153
152199,-1
152254,587.3295358348153
152308,-1
152362,587.3295358348153
152417,-1
152471,587.3295358348153
152525,-1
152580,587.3295358348153
152634,-1
152688,587.3295358348153
152851,-1
152906,440
152960,-1
153014,440
153069,-1
153123,493.88330125612424
153177,-1
153232,493.88330125612424
153286,-1
153340,493.88330125612424
153395,-1
153449,493.88330125612424
153504,-1
153558,493.88330125612424
153721,-1
153775,493.88330125612424
153830,-1
153884,493.88330125612424
153938,-1
153993,493.88330125612424
154047,-1
154101,493.88330125612424
154156,-1
154210,493.88330125612424
154264,-1
154319,493.88330125612424
154373,-1
154427,493.88330125612424
154590,-1
154645,659.2551138257397
154699,-1
154754,659.2551138257397
154808,-1
154862,493.88330125612424
154917,-1
154971,493.88330125612424
155025,-1
155080,493.88330125612424
155134,-1
155188,493.88330125612424
155243,-1
155297,493.88330125612424
155460,-1
155514,493.88330125612424
155569,-1
155623,493.88330125612424
155677,-1
155732,493.88330125612424
155786,-1
155840,493.88330125612424
155895,-1
155949,493.88330125612424
156004,-1
156058,493.88330125612424
156112,-1
156167,493.88330125612424
156330,-1
156384,659.2551138257397
156438,-1
156493,659.2551138257397
156547,-1
156601,493.88330125612424
156656,-1
156710,493.88330125612424
156764,-1
156819,493.88330125612424
156873,-1
156927,493.88330125612424
156982,-1
157036,493.88330125612424
157199,-1
157254,493.88330125612424
157308,-1
157362,493.88330125612424
157417,-1
157471,493.88330125612424
157525,-1
157580,493.88330125612424
157634,-1
157688,493.88330125612424
157743,-1
157797,493.88330125612424
157851,-1
157906,493.88330125612424
158069,-1
158123,659.2551138257397
158177,-1
158232,659.2551138257397
158286,-1
158340,659.2551138257397
158395,-1
158449,659.2551138257397
158504,-1
158558,659.2551138257397
158612,-1
158667,659.2551138257397
158721,-1
158775,659.2551138257397
158938,-1
158993,587.3295358348153
159047,-1
159101,587.3295358348153
159156,-1
159210,587.3295358348153
159264,-1
159319,587.3295358348153
159373,-1
159427,587.3295358348153
159482,-1
159536,587.3295358348153
159590,-1
159645,587.3295358348153
159808,-1
159862,440
159917,-1
159971,440
160025,-1
160080,493.88330125612424
160134,-1
160188,493.88330125612424
160243,-1
160297,493.88330125612424
160351,-1
160406,493.88330125612424
160460,-1
160514,493.88330125612424
160677,-1
160732,493.88330125612424
160786,-1
160840,493.88330125612424
160895,-1
160949,493.88330125612424
161004,-1
161058,493.88330125612424
161112,-1
161167,493.88330125612424
161221,-1
161275,493.88330125612424
161330,-1
161384,493.88330125612424
161547,-1
161601,659.2551138257397
161656,-1
161710,659.2551138257397
161764,-1
161819,493.88330125612424
161873,-1
161927,493.88330125612424
161982,-1
162036,493.88330125612424
162091,-1
162145,493.88330125612424
162199,-1
162254,493.88330125612424
162417,-1
162471,493.88330125612424
162525,-1
162580,493.88330125612424
162634,-1
162688,493.88330125612424
162743,-1
162797,493.88330125612424
162851,-1
162906,493.88330125612424
162960,-1
163014,493.88330125612424
163069,-1
163123,493.88330125612424
163286,-1
163341,659.2551138257397
163395,-1
163449,659.2551138257397
163504,-1
163558,493.88330125612424
163612,-1
163667,493.88330125612424
163721,-1
163775,493.88330125612424
163830,-1
163884,493.88330125612424
163938,-1
163993,493.88330125612424
164156,-1
164210,493.88330125612424
164264,-1
164319,493.88330125612424
164373,-1
164427,493.88330125612424
164482,-1
164536,493.88330125612424
164591,-1
164645,493.88330125612424
164699,-1
164754,493.88330125612424
164808,-1
164862,493.88330125612424
165025,-1
165080,659.2551138257397
165134,-1
165188,659.2551138257397
165243,-1
165297,659.2551138257397
165351,-1
165406,659.2551138257397
165460,-1
165514,659.2551138257397
165569,-1
165623,659.2551138257397
165677,-1
165732,659.2551138257397
165895,-1
165949,587.3295358348153
166004,-1
166058,587.3295358348153
166112,-1
166167,587.3295358348153
166221,-1
166275,587.3295358348153
166330,-1
166384,587.3295358348153
166438,-1
166493,587.3295358348153
166547,-1
166601,587.3295358348153
166764,-1
166819,440
166873,-1
166927,440
166982,-1
167036,493.88330125612424
167091,-1
167145,493.88330125612424
167199,-1
167254,493.88330125612424
167308,-1
167362,493.88330125612424
167417,-1
167471,493.88330125612424
167634,-1
167688,493.88330125612424
167743,-1
167797,493.88330125612424
167851,-1
167906,493.88330125612424
167960,-1
168014,493.88330125612424
168069,-1
168123,493.88330125612424
168177,-1
168232,493.88330125612424
168286,-1
168341,493.88330125612424
168504,-1
168558,659.2551138257397
168612,-1
168667,659.2551138257397
168721,-1
168775,493.88330125612424
168830,-1
168884,493.88330125612424
168938,-1
168993,493.88330125612424
169047,-1
169101,493.88330125612424
169156,-1
169210,493.88330125612424
169373,-1
169427,493.88330125612424
169482,-1
169536,493.88330125612424
169591,-1
169645,493.88330125612424
169699,-1
169754,493.88330125612424
169808,-1
169862,493.88330125612424
169917,-1
169971,493.88330125612424
170025,-1
170080,493.88330125612424
170243,-1
170297,659.2551138257397
170351,-1
170406,659.2551138257397
170460,-1
170514,493.88330125612424
170569,-1
170623,493.88330125612424
170677,-1
170732,493.88330125612424
170786,-1
170841,493.88330125612424
170895,-1
170949,493.88330125612424
171112,-1
171167,493.88330125612424
171221,-1
171275,493.88330125612424
171330,-1
171384,493.88330125612424
171438,-1
171493,493.88330125612424
171547,-1
171601,493.88330125612424
171656,-1
171710,493.88330125612424
171764,-1
171819,493.88330125612424
171982,-1
172036,587.3295358348153
172199,-1
172254,493.88330125612424
172308,-1
172362,493.88330125612424
172417,-1
172471,493.88330125612424
172525,-1
172580,493.88330125612424
172634,-1
172688,493.88330125612424
172851,-1
172906,493.88330125612424
172960,-1
173014,493.88330125612424
173069,-1
173123,493.88330125612424
173177,-1
173232,493.88330125612424
173286,-1
173341,493.88330125612424
173395,-1
173449,493.88330125612424
173504,-1
173558,587.3295358348153
173721,-1
173775,587.3295358348153
173938,-1
173993,493.88330125612424
174047,-1
174101,493.88330125612424
174156,-1
174210,493.88330125612424
174264,-1
174319,493.88330125612424
174373,-1
174427,493.88330125612424
174591,-1
174645,493.88330125612424
174699,-1
174754,493.88330125612424
174808,-1
174862,493.88330125612424
174917,-1
174971,493.88330125612424
175025,-1
175080,493.88330125612424
175134,-1
175188,493.88330125612424
175243,-1
175297,493.88330125612424
175460,-1
175514,659.2551138257397
175569,-1
175623,659.2551138257397
175677,-1
175732,659.2551138257397
175786,-1
175841,659.2551138257397
175895,-1
175949,659.2551138257397
176004,-1
176058,659.2551138257397
176112,-1
176167,659.2551138257397
176330,-1
176384,587.3295358348153
176438,-1
176493,587.3295358348153
176547,-1
176601,587.3295358348153
176656,-1
176710,587.3295358348153
176764,-1
176819,587.3295358348153
176873,-1
176927,587.3295358348153
176982,-1
177036,587.3295358348153
177199,-1
177254,440
177417,-1
177471,493.88330125612424
177525,-1
177580,493.88330125612424
177634,-1
177688,493.88330125612424
177743,-1
177797,493.88330125612424
177851,-1
177906,493.88330125612424
178069,-1
178123,493.88330125612424
178177,-1
178232,493.88330125612424
178286,-1
178341,493.88330125612424
178395,-1
178449,493.88330125612424
178504,-1
178558,493.88330125612424
178612,-1
178667,493.88330125612424
178721,-1
178775,493.88330125612424
178938,-1
178993,587.3295358348153
179156,-1
179210,493.88330125612424
179264,-1
179319,493.88330125612424
179373,-1
179427,493.88330125612424
179482,-1
179536,493.88330125612424
179591,-1
179645,493.88330125612424
179808,-1
179862,493.88330125612424
179917,-1
179971,493.88330125612424
180025,-1
180080,493.88330125612424
180134,-1
180188,493.88330125612424
180243,-1
180297,493.88330125612424
180351,-1
180406,493.88330125612424
180460,-1
180514,587.3295358348153
180677,-1
180732,587.3295358348153
180895,-1
180949,493.88330125612424
181004,-1
181058,493.88330125612424
181112,-1
181167,493.88330125612424
181221,-1
181275,493.88330125612424
181330,-1
181384,493.88330125612424
181547,-1
181601,493.88330125612424
181656,-1
181710,493.88330125612424
181764,-1
181819,493.88330125612424
181873,-1
181927,493.88330125612424
181982,-1
182036,493.88330125612424
182091,-1
182145,493.88330125612424
182199,-1
182254,493.88330125612424
182417,-1
182471,659.2551138257397
182525,-1
182580,659.2551138257397
182634,-1
182688,659.2551138257397
182743,-1
182797,659.2551138257397
182851,-1
182906,659.2551138257397
182960,-1
183014,659.2551138257397
183069,-1
183123,659.2551138257397
183286,-1
183341,587.3295358348153
183395,-1
183449,587.3295358348153
183504,-1
183558,587.3295358348153
183612,-1
183667,587.3295358348153
183721,-1
183775,587.3295358348153
183830,-1
183884,587.3295358348153
183938,-1
183993,587.3295358348153
184156,-1
184210,440
184373,-1
184427,493.88330125612424
184482,-1
184536,493.88330125612424
184591,-1
184645,493.88330125612424
184699,-1
184754,493.88330125612424
184808,-1
184862,493.88330125612424
185025,-1
185080,493.88330125612424
185134,-1
185188,493.88330125612424
185243,-1
185297,493.88330125612424
185351,-1
185406,493.88330125612424
185460,-1
185514,493.88330125612424
185569,-1
185623,493.88330125612424
185677,-1
185732,587.3295358348153
185895,-1
185949,587.3295358348153
186112,-1
186167,493.88330125612424
186221,-1
186275,493.88330125612424
186330,-1
186384,493.88330125612424
186438,-1
186493,493.88330125612424
186547,-1
186601,493.88330125612424
186764,-1
186819,493.88330125612424
186873,-1
186927,493.88330125612424
186982,-1
187036,493.88330125612424
187091,-1
187145,493.88330125612424
187199,-1
187254,493.88330125612424
187308,-1
187362,493.88330125612424
187417,-1
187471,587.3295358348153
187634,-1
187688,587.3295358348153
187851,-1
187906,493.88330125612424
187960,-1
188014,493.88330125612424
188069,-1
188123,493.88330125612424
188177,-1
188232,493.88330125612424
188286,-1
188341,587.3295358348153
188504,-1
188558,587.3295358348153
188721,-1
188775,493.88330125612424
188830,-1
188884,493.88330125612424
188938,-1
188993,493.88330125612424
189047,-1
189101,493.88330125612424
189156,-1
189210,587.3295358348153
189373,-1
189427,587.3295358348153
189591,-1
189645,493.88330125612424
189699,-1
189754,493.88330125612424
189808,-1
189862,587.3295358348153
190025,-1
190080,493.88330125612424
190134,-1
190188,493.88330125612424
190243,-1
190297,587.3295358348153
190460,-1
190514,493.88330125612424
190569,-1
190623,493.88330125612424
190677,-1
190732,587.3295358348153
190895,-1
190949,493.88330125612424
191004,-1
191058,493.88330125612424
191112,-1
191167,587.3295358348153
191330,-1
191384,493.88330125612424
191438,-1
191493,493.88330125612424
191547,-1
191601,493.88330125612424
191656,-1
191710,493.88330125612424
191764,-1
191819,493.88330125612424
191982,-1
192036,493.88330125612424
192091,-1
192145,493.88330125612424
192199,-1
192254,493.88330125612424
192308,-1
192362,493.88330125612424
192417,-1
192471,493.88330125612424
192525,-1
192580,493.88330125612424
192634,-1
192688,493.88330125612424
192851,-1
192906,659.2551138257397
192960,-1
193014,659.2551138257397
193069,-1
193123,659.2551138257397
193177,-1
193232,659.2551138257397
193286,-1
193341,659.2551138257397
193395,-1
193449,659.2551138257397
193504,-1
193558,659.2551138257397
193721,-1
193775,587.3295358348153
193830,-1
193884,587.3295358348153
193938,-1
193993,587.3295358348153
194047,-1
194101,587.3295358348153
194156,-1
194210,587.3295358348153
194264,-1
194319,587.3295358348153
194373,-1
194427,587.3295358348153
194591,-1
194645,440
194699,-1
194754,440
194808,-1
194862,493.88330125612424
194917,-1
194971,493.88330125612424
195025,-1
195080,493.88330125612424
195134,-1
195188,493.88330125612424
195243,-1
195297,493.88330125612424
195460,-1
195514,493.88330125612424
195569,-1
195623,493.88330125612424
195677,-1
195732,493.88330125612424
195786,-1
195841,493.88330125612424
195895,-1
195949,493.88330125612424
196004,-1
196058,493.88330125612424
196112,-1
196167,493.88330125612424
196330,-1
196384,659.2551138257397
196438,-1
196493,659.2551138257397
196547,-1
196601,493.88330125612424
196656,-1
196710,493.88330125612424
196764,-1
196819,493.88330125612424
196873,-1
196927,493.88330125612424
196982,-1
197036,493.88330125612424
197199,-1
197254,493.88330125612424
197308,-1
197362,493.88330125612424
197417,-1
197471,493.88330125612424
197525,-1
197580,493.88330125612424
197634,-1
197688,493.88330125612424
197743,-1
197797,493.88330125612424
197851,-1
197906,493.88330125612424
198069,-1
198123,659.2551138257397
198177,-1
198232,659.2551138257397
198286,-1
198341,493.88330125612424
198395,-1
198449,493.88330125612424
198504,-1
198558,493.88330125612424
198612,-1
198667,493.88330125612424
198721,-1
198775,493.88330125612424
198938,-1
198993,493.88330125612424
199047,-1
199101,493.88330125612424
199156,-1
199210,493.88330125612424
199264,-1
199319,493.88330125612424
199373,-1
199427,493.88330125612424
199482,-1
199536,493.88330125612424
199591,-1
199645,493.88330125612424
199808,-1
199862,659.2551138257397
199917,-1
199971,659.2551138257397
200025,-1
200080,659.2551138257397
200134,-1
200188,659.2551138257397
200243,-1
200297,659.2551138257397
200351,-1
200406,659.2551138257397
200460,-1
200514,659.2551138257397
200677,-1
200732,587.3295358348153
200786,-1
200841,587.3295358348153
200895,-1
200949,587.3295358348153
201004,-1
201058,587.3295358348153
201112,-1
201167,587.3295358348153
201221,-1
201275,587.3295358348153
201330,-1
201384,587.3295358348153
201547,-1
201601,440
201656,-1
201710,440
201764,-1
201819,493.88330125612424
201873,-1
201927,493.88330125612424
201982,-1
202036,493.88330125612424
202091,-1
202145,493.88330125612424
202199,-1
202254,493.88330125612424
202417,-1
202471,493.88330125612424
202525,-1
202580,493.88330125612424
202634,-1
202688,493.88330125612424
202743,-1
202797,493.88330125612424
202851,-1
202906,493.88330125612424
202960,-1
203014,493.88330125612424
203069,-1
203123,493.88330125612424
203286,-1
203341,659.2551138257397
203395,-1
203449,659.2551138257397
203504,-1
203558,493.88330125612424
203612,-1
203667,493.88330125612424
203721,-1
203775,493.88330125612424
203830,-1
203884,493.88330125612424
203938,-1
203993,493.88330125612424
204156,-1
204210,493.88330125612424
204264,-1
204319,493.88330125612424
204373,-1
204427,493.88330125612424
204482,-1
204536,493.88330125612424
204591,-1
204645,493.88330125612424
204699,-1
204754,493.88330125612424
204808,-1
204862,493.88330125612424
205025,-1
205080,659.2551138257397
205134,-1
205188,659.2551138257397
205243,-1
205297,493.88330125612424
205351,-1
205406,493.88330125612424
205460,-1
205514,493.88330125612424
205569,-1
205623,493.88330125612424
205677,-1
205732,493.88330125612424
205895,-1
205949,493.88330125612424
206004,-1
206058,493.88330125612424
206112,-1
206167,493.88330125612424
206221,-1
206275,493.88330125612424
206330,-1
206384,493.88330125612424
206438,-1
206493,493.88330125612424
206547,-1
206601,493.88330125612424
206764,-1
206819,659.2551138257397
206873,-1
206927,659.2551138257397
206982,-1
207036,659.2551138257397
207091,-1
207145,659.2551138257397
207199,-1
207254,659.2551138257397
207308,-1
207362,659.2551138257397
207417,-1
207471,659.2551138257397
207634,-1
207688,587.3295358348153
207743,-1
207797,587.3295358348153
207851,-1
207906,587.3295358348153
207960,-1
208014,587.3295358348153
208069,-1
208123,587.3295358348153
208177,-1
208232,587.3295358348153
208286,-1
208341,587.3295358348153
208504,-1
208558,440
208612,-1
208667,440
208721,-1
208775,493.88330125612424
208830,-1
208884,493.88330125612424
208938,-1
208993,493.88330125612424
209047,-1
209101,493.88330125612424
209156,-1
209210,493.88330125612424
209373,-1
209427,493.88330125612424
209482,-1
209536,493.88330125612424
209591,-1
209645,493.88330125612424
209699,-1
209754,493.88330125612424
209808,-1
209862,493.88330125612424
209917,-1
209971,493.88330125612424
210025,-1
210080,493.88330125612424
210243,-1
210297,659.2551138257397
210351,-1
210406,659.2551138257397
210460,-1
210514,493.88330125612424
210569,-1
210623,493.88330125612424
210678,-1
210732,493.88330125612424
210786,-1
210841,493.88330125612424
210895,-1
210949,493.88330125612424
211112,-1
211167,493.88330125612424
211221,-1
211275,493.88330125612424
211330,-1
211384,493.88330125612424
211438,-1
211493,493.88330125612424
211547,-1
211601,493.88330125612424
211656,-1
211710,493.88330125612424
211764,-1
211819,493.88330125612424
211982,-1
212036,659.2551138257397
212091,-1
212145,659.2551138257397
212199,-1
212254,493.88330125612424
212308,-1
212362,493.88330125612424
212417,-1
212471,493.88330125612424
212525,-1
212580,493.88330125612424
212634,-1
212688,493.88330125612424
212851,-1
212906,493.88330125612424
212960,-1
213014,493.88330125612424
213069,-1
213123,493.88330125612424
213178,-1
213232,493.88330125612424
213286,-1
213341,493.88330125612424
213395,-1
213449,493.88330125612424
213504,-1
213558,493.88330125612424
213721,-1
213775,659.2551138257397
213830,-1
213884,659.2551138257397
213938,-1
213993,659.2551138257397
214047,-1
214101,659.2551138257397
214156,-1
214210,659.2551138257397
214264,-1
214319,659.2551138257397
214373,-1
214428,659.2551138257397
214591,-1
214645,587.3295358348153
214699,-1
214754,587.3295358348153
214808,-1
214862,587.3295358348153
214917,-1
214971,587.3295358348153
215025,-1
215080,587.3295358348153
215134,-1
215188,587.3295358348153
215243,-1
215297,587.3295358348153
215460,-1
215514,440
215569,-1
215623,440
215678,-1
215732,493.88330125612424
215786,-1
215841,493.88330125612424
215895,-1
215949,493.88330125612424
216004,-1
216058,493.88330125612424
216112,-1
216167,493.88330125612424
216330,-1
216384,493.88330125612424
216438,-1
216493,493.88330125612424
216547,-1
216601,493.88330125612424
216656,-1
216710,493.88330125612424
216764,-1
216819,493.88330125612424
216873,-1
216928,493.88330125612424
216982,-1
217036,493.88330125612424
217199,-1
217254,659.2551138257397
217308,-1
217362,659.2551138257397
217417,-1
217471,493.88330125612424
217525,-1
217580,493.88330125612424
217634,-1
217688,493.88330125612424
217743,-1
217797,493.88330125612424
217851,-1
217906,493.88330125612424
218069,-1
218123,493.88330125612424
218178,-1
218232,493.88330125612424
218286,-1
218341,493.88330125612424
218395,-1
218449,493.88330125612424
218504,-1
218558,493.88330125612424
218612,-1
218667,493.88330125612424
218721,-1
218775,493.88330125612424
218938,-1
218993,659.2551138257397
219047,-1
219101,659.2551138257397
219156,-1
219210,493.88330125612424
219264,-1
219319,493.88330125612424
219373,-1
219428,493.88330125612424
219482,-1
219536,493.88330125612424
219591,-1
219645,493.88330125612424
219808,-1
219862,493.88330125612424
219917,-1
219971,493.88330125612424
220025,-1
220080,493.88330125612424
220134,-1
220188,493.88330125612424
220243,-1
220297,493.88330125612424
220351,-1
220406,493.88330125612424
220460,-1
220514,493.88330125612424
220678,-1
220732,587.3295358348153
220895,-1
220949,493.88330125612424
221004,-1
221058,493.88330125612424
221112,-1
221167,493.88330125612424
221221,-1
221275,493.88330125612424
221330,-1
221384,493.88330125612424
221547,-1
221601,493.88330125612424
221656,-1
221710,493.88330125612424
221764,-1
221819,493.88330125612424
221873,-1
221928,493.88330125612424
221982,-1
222036,493.88330125612424
222091,-1
222145,493.88330125612424
222199,-1
222254,587.3295358348153
222417,-1
222471,587.3295358348153
222634,-1
222688,493.88330125612424
222743,-1
222797,493.88330125612424
222851,-1
222906,493.88330125612424
222960,-1
223014,493.88330125612424
223069,-1
223123,493.88330125612424
223286,-1
223341,493.88330125612424
223395,-1
223449,493.88330125612424
223504,-1
223558,493.88330125612424
223612,-1
223667,493.88330125612424
223721,-1
223775,493.88330125612424
223830,-1
223884,493.88330125612424
223938,-1
223993,493.88330125612424
224156,-1
224210,659.2551138257397
224264,-1
224319,659.2551138257397
224373,-1
224428,659.2551138257397
224482,-1
224536,659.2551138257397
224591,-1
224645,659.2551138257397
224699,-1
224754,659.2551138257397
224808,-1
224862,659.2551138257397
225025,-1
225080,587.3295358348153
225134,-1
225188,587.3295358348153
225243,-1
225297,587.3295358348153
225351,-1
225406,587.3295358348153
225460,-1
225514,587.3295358348153
225569,-1
225623,587.3295358348153
225678,-1
225732,587.3295358348153
225895,-1
225949,440
226112,-1
226167,493.88330125612424
226221,-1
226275,493.88330125612424
226330,-1
226384,493.88330125612424
226438,-1
226493,493.88330125612424
226547,-1
226601,493.88330125612424
226764,-1
226819,493.88330125612424
226873,-1
226928,493.88330125612424
226982,-1
227036,493.88330125612424
227091,-1
227145,493.88330125612424
227199,-1
227254,493.88330125612424
227308,-1
227362,493.88330125612424
227417,-1
227471,493.88330125612424
227634,-1
227688,587.3295358348153
227851,-1
227906,493.88330125612424
227960,-1
228014,493.88330125612424
228069,-1
228123,493.88330125612424
228178,-1
228232,493.88330125612424
228286,-1
228341,493.88330125612424
228504,-1
228558,493.88330125612424
228612,-1
228667,493.88330125612424
228721,-1
228775,493.88330125612424
228830,-1
228884,493.88330125612424
228938,-1
228993,493.88330125612424
229047,-1
229101,493.88330125612424
229156,-1
229210,587.3295358348153
229373,-1
229428,587.3295358348153
229591,-1
229645,493.88330125612424
229699,-1
229754,493.88330125612424
229808,-1
229862,493.88330125612424
229917,-1
229971,493.88330125612424
230025,-1
230080,493.88330125612424
230243,-1
230297,493.88330125612424
230351,-1
230406,493.88330125612424
230460,-1
230514,493.88330125612424
230569,-1
230623,493.88330125612424
230678,-1
230732,493.88330125612424
230786,-1
230841,493.88330125612424
230895,-1
230949,493.88330125612424
231112,-1
231167,659.2551138257397
231221,-1
231275,659.2551138257397
231330,-1
231384,659.2551138257397
231438,-1
231493,659.2551138257397
231547,-1
231601,659.2551138257397
231656,-1
231710,659.2551138257397
231764,-1
231819,659.2551138257397
231982,-1
232036,587.3295358348153
232091,-1
232145,587.3295358348153
232199,-1
232254,587.3295358348153
232308,-1
232362,587.3295358348153
232417,-1
232471,587.3295358348153
232525,-1
232580,587.3295358348153
232634,-1
232688,587.3295358348153
232851,-1
232906,440
233069,-1
233123,493.88330125612424
233178,-1
233232,493.88330125612424
233286,-1
233341,493.88330125612424
233395,-1
233449,493.88330125612424
233504,-1
233558,493.88330125612424
233721,-1
233775,493.88330125612424
233830,-1
233884,493.88330125612424
233938,-1
233993,493.88330125612424
234047,-1
234101,493.88330125612424
234156,-1
234210,493.88330125612424
234264,-1
234319,493.88330125612424
234373,-1
234428,587.3295358348153
234591,-1
234645,587.3295358348153
234808,-1
234862,493.88330125612424
234917,-1
234971,493.88330125612424
235025,-1
235080,493.88330125612424
235134,-1
235188,493.88330125612424
235243,-1
235297,493.88330125612424
235460,-1
235514,493.88330125612424
235569,-1
235623,493.88330125612424
235678,-1
235732,493.88330125612424
235786,-1
235841,493.88330125612424
235895,-1
235949,493.88330125612424
236004,-1
236058,493.88330125612424
236112,-1
236167,587.3295358348153
236330,-1
236384,587.3295358348153
236547,-1
236601,493.88330125612424
236656,-1
236710,493.88330125612424
236764,-1
236819,493.88330125612424
236873,-1
236928,493.88330125612424
236982,-1
237036,587.3295358348153
237199,-1
237254,587.3295358348153
237417,-1
237471,493.88330125612424
237525,-1
237580,493.88330125612424
237634,-1
237688,493.88330125612424
237743,-1
237797,493.88330125612424
237851,-1
237906,587.3295358348153
238069,-1
238123,587.3295358348153
238286,-1
238341,493.88330125612424
238395,-1
238449,493.88330125612424
238504,-1
238558,587.3295358348153
238721,-1
238775,493.88330125612424
238830,-1
238884,493.88330125612424
238938,-1
238993,587.3295358348153
239156,-1
239210,493.88330125612424
239264,-1
239319,493.88330125612424
239373,-1
239428,587.3295358348153
239591,-1
239645,493.88330125612424
239699,-1
239754,493.88330125612424
239808,-1
239862,587.3295358348153
240025,-1
