3558,493.88330125612424
3656,-1
3757,493.88330125612424
3855,-1
3884,493.88330125612424
3982,-1
4083,493.88330125612424
4181,-1
4210,493.88330125612424
4373,-1
4409,493.88330125612424
4427,-1
4427,493.88330125612424
4525,-1
4627,493.88330125612424
4724,-1
4753,493.88330125612424
4851,-1
4953,493.88330125612424
5051,-1
5079,659.2551138257397
5243,-1
5279,659.2551138257397
5297,-1
5297,659.2551138257397
5395,-1
5496,659.2551138257397
5594,-1
5623,659.2551138257397
5721,-1
5822,659.2551138257397
5920,-1
5949,587.3295358348153
6112,-1
6148,587.3295358348153
6166,-1
6166,587.3295358348153
6264,-1
6366,587.3295358348153
6464,-1
6493,587.3295358348153
6590,-1
6692,587.3295358348153
6790,-1
6819,440
6982,-1
7036,493.88330125612424
7134,-1
7235,493.88330125612424
7333,-1
7362,493.88330125612424
7460,-1
7561,493.88330125612424
7659,-1
7688,493.88330125612424
7851,-1
7887,493.88330125612424
7906,-1
7906,493.88330125612424
8003,-1
8105,493.88330125612424
8203,-1
8232,493.88330125612424
8329,-1
8431,493.88330125612424
8529,-1
8558,659.2551138257397
8721,-1
8757,659.2551138257397
8920,-1
8974,493.88330125612424
9072,-1
9101,493.88330125612424
9199,-1
9301,493.88330125612424
9398,-1
9427,493.88330125612424
9590,-1
9627,493.88330125612424
9645,-1
9645,493.88330125612424
9743,-1
9844,493.88330125612424
9942,-1
9971,493.88330125612424
10069,-1
10170,493.88330125612424
10268,-1
10297,659.2551138257397
10460,-1
10496,659.2551138257397
10659,-1
10714,493.88330125612424
10811,-1
10840,493.88330125612424
10938,-1
11040,493.88330125612424
11137,-1
11166,493.88330125612424
11329,-1
11366,493.88330125612424
11384,-1
11384,493.88330125612424
11482,-1
11583,493.88330125612424
11681,-1
11710,493.88330125612424
11808,-1
11909,493.88330125612424
12007,-1
12036,659.2551138257397
12199,-1
12235,659.2551138257397
12253,-1
12253,659.2551138257397
12351,-1
12453,659.2551138257397
12551,-1
12579,659.2551138257397
12677,-1
12779,659.2551138257397
12877,-1
12906,587.3295358348153
13069,-1
13105,587.3295358348153
13123,-1
13123,587.3295358348153
13221,-1
13322,587.3295358348153
13420,-1
13449,587.3295358348153
13547,-1
13648,587.3295358348153
13746,-1
13775,440
13938,-1
13993,493.88330125612424
14090,-1
14192,493.88330125612424
14290,-1
14319,493.88330125612424
14416,-1
14518,493.88330125612424
14616,-1
14645,493.88330125612424
14808,-1
14844,493.88330125612424
14862,-1
14862,493.88330125612424
14960,-1
15061,493.88330125612424
15159,-1
15188,493.88330125612424
15286,-1
15387,493.88330125612424
15485,-1
15514,659.2551138257397
15677,-1
15714,659.2551138257397
15877,-1
15931,493.88330125612424
16029,-1
16058,493.88330125612424
16156,-1
16257,493.88330125612424
16355,-1
16384,493.88330125612424
16547,-1
16583,493.88330125612424
16601,-1
16601,493.88330125612424
16699,-1
16801,493.88330125612424
16898,-1
16927,493.88330125612424
17025,-1
17127,493.88330125612424
17224,-1
17253,659.2551138257397
17416,-1
17453,659.2551138257397
17616,-1
17670,493.88330125612424
17768,-1
17797,493.88330125612424
17895,-1
17996,493.88330125612424
18094,-1
18123,493.88330125612424
18286,-1
18322,493.88330125612424
18340,-1
18340,493.88330125612424
18438,-1
18540,493.88330125612424
18637,-1
18666,493.88330125612424
18764,-1
18866,493.88330125612424
18964,-1
18993,659.2551138257397
19156,-1
19192,659.2551138257397
19210,-1
19210,659.2551138257397
19308,-1
19409,659.2551138257397
19507,-1
19536,659.2551138257397
19634,-1
19735,659.2551138257397
19833,-1
19862,587.3295358348153
20025,-1
20061,587.3295358348153
20080,-1
20080,587.3295358348153
20177,-1
20279,587.3295358348153
20377,-1
20406,587.3295358348153
20503,-1
20605,587.3295358348153
20703,-1
20732,440
20895,-1
20949,493.88330125612424
21047,-1
21148,493.88330125612424
21246,-1
21275,493.88330125612424
21373,-1
21474,493.88330125612424
21572,-1
21601,493.88330125612424
21764,-1
21801,493.88330125612424
21819,-1
21819,493.88330125612424
21916,-1
22018,493.88330125612424
22116,-1
22145,493.88330125612424
22243,-1
22344,493.88330125612424
22442,-1
22471,659.2551138257397
22634,-1
22670,659.2551138257397
22833,-1
22887,493.88330125612424
22985,-1
23014,493.88330125612424
23112,-1
23214,493.88330125612424
23311,-1
23340,493.88330125612424
23503,-1
23540,493.88330125612424
23558,-1
23558,493.88330125612424
23656,-1
23757,493.88330125612424
23855,-1
23884,493.88330125612424
23982,-1
24083,493.88330125612424
24181,-1
24210,659.2551138257397
24373,-1
24409,659.2551138257397
24572,-1
24627,493.88330125612424
24724,-1
24753,493.88330125612424
24851,-1
24953,493.88330125612424
25051,-1
25080,493.88330125612424
25243,-1
25279,493.88330125612424
25297,-1
25297,493.88330125612424
25395,-1
25496,493.88330125612424
25594,-1
25623,493.88330125612424
25721,-1
25822,493.88330125612424
25920,-1
25949,493.88330125612424
26112,-1
26148,493.88330125612424
26166,-1
26166,493.88330125612424
26264,-1
26366,493.88330125612424
26464,-1
26493,493.88330125612424
26590,-1
26692,493.88330125612424
26790,-1
26819,493.88330125612424
26982,-1
27018,493.88330125612424
27036,-1
27036,493.88330125612424
27134,-1
27235,493.88330125612424
27333,-1
27362,493.88330125612424
27460,-1
27561,493.88330125612424
27659,-1
27688,493.88330125612424
27851,-1
27887,493.88330125612424
27906,-1
27906,493.88330125612424
28003,-1
28105,493.88330125612424
28203,-1
28232,493.88330125612424
28330,-1
28431,493.88330125612424
28529,-1
28558,493.88330125612424
28721,-1
28757,493.88330125612424
28775,-1
28775,493.88330125612424
28873,-1
28974,493.88330125612424
29072,-1
29101,493.88330125612424
29199,-1
29301,493.88330125612424
29398,-1
29427,493.88330125612424
29590,-1
29627,493.88330125612424
29645,-1
29645,493.88330125612424
29743,-1
29844,493.88330125612424
29942,-1
29971,493.88330125612424
30069,-1
30170,493.88330125612424
30268,-1
30297,493.88330125612424
30460,-1
30496,493.88330125612424
30514,-1
30514,493.88330125612424
30612,-1
30714,493.88330125612424
30811,-1
30840,493.88330125612424
30938,-1
31040,493.88330125612424
31137,-1
31166,493.88330125612424
31330,-1
31366,493.88330125612424
31384,-1
31384,493.88330125612424
31482,-1
31583,493.88330125612424
31681,-1
31710,493.88330125612424
31808,-1
31909,493.88330125612424
32007,-1
32036,493.88330125612424
32199,-1
32235,493.88330125612424
32253,-1
32253,493.88330125612424
32351,-1
32453,493.88330125612424
32551,-1
32580,493.88330125612424
32677,-1
32779,493.88330125612424
32877,-1
32906,659.2551138257397
33069,-1
33105,659.2551138257397
33123,-1
33123,659.2551138257397
33221,-1
33322,659.2551138257397
33420,-1
33449,659.2551138257397
33547,-1
33648,659.2551138257397
33746,-1
33775,587.3295358348153
33938,-1
33974,587.3295358348153
33993,-1
33993,587.3295358348153
34090,-1
34192,587.3295358348153
34290,-1
34319,587.3295358348153
34416,-1
34518,587.3295358348153
34616,-1
34645,440
34808,-1
34862,493.88330125612424
34960,-1
35061,493.88330125612424
35159,-1
35188,493.88330125612424
35286,-1
35387,493.88330125612424
35485,-1
35514,493.88330125612424
35677,-1
35714,493.88330125612424
35732,-1
35732,493.88330125612424
35830,-1
35931,493.88330125612424
36029,-1
36058,493.88330125612424
36156,-1
36257,493.88330125612424
36355,-1
36384,659.2551138257397
36547,-1
36583,659.2551138257397
36746,-1
36801,493.88330125612424
36898,-1
36927,493.88330125612424
37025,-1
37127,493.88330125612424
37224,-1
37253,493.88330125612424
37416,-1
37453,493.88330125612424
37471,-1
37471,493.88330125612424
37569,-1
37670,493.88330125612424
37768,-1
37797,493.88330125612424
37895,-1
37996,493.88330125612424
38094,-1
38123,659.2551138257397
38286,-1
38322,659.2551138257397
38485,-1
38540,493.88330125612424
38637,-1
38666,493.88330125612424
38764,-1
38866,493.88330125612424
38964,-1
38993,493.88330125612424
39156,-1
39192,493.88330125612424
39210,-1
39210,493.88330125612424
39308,-1
39409,493.88330125612424
39507,-1
39536,493.88330125612424
39634,-1
39735,493.88330125612424
39833,-1
39862,659.2551138257397
40025,-1
40061,659.2551138257397
40080,-1
40080,659.2551138257397
40177,-1
40279,659.2551138257397
40377,-1
40406,659.2551138257397
40503,-1
40605,659.2551138257397
40703,-1
40732,587.3295358348153
40895,-1
40931,587.3295358348153
40949,-1
40949,587.3295358348153
41047,-1
41148,587.3295358348153
41246,-1
41275,587.3295358348153
41373,-1
41474,587.3295358348153
41572,-1
41601,440
41764,-1
41819,493.88330125612424
41916,-1
42018,493.88330125612424
42116,-1
42145,493.88330125612424
42243,-1
42344,493.88330125612424
42442,-1
42471,493.88330125612424
42634,-1
42670,493.88330125612424
42688,-1
42688,493.88330125612424
42786,-1
42887,493.88330125612424
42985,-1
43014,493.88330125612424
43112,-1
43214,493.88330125612424
43311,-1
43340,659.2551138257397
43503,-1
43540,659.2551138257397
43703,-1
43757,493.88330125612424
43855,-1
43884,493.88330125612424
43982,-1
44083,493.88330125612424
44181,-1
44210,493.88330125612424
44373,-1
44409,493.88330125612424
44427,-1
44427,493.88330125612424
44525,-1
44627,493.88330125612424
44724,-1
44753,493.88330125612424
44851,-1
44953,493.88330125612424
45051,-1
45080,659.2551138257397
45243,-1
45279,659.2551138257397
45442,-1
45496,493.88330125612424
45594,-1
45623,493.88330125612424
45721,-1
45822,493.88330125612424
45920,-1
45949,493.88330125612424
46112,-1
46148,493.88330125612424
46166,-1
46166,493.88330125612424
46264,-1
46366,493.88330125612424
46464,-1
46493,493.88330125612424
46590,-1
46692,493.88330125612424
46790,-1
46819,659.2551138257397
46982,-1
47018,659.2551138257397
47036,-1
47036,659.2551138257397
47134,-1
47235,659.2551138257397
47333,-1
47362,659.2551138257397
47460,-1
47561,659.2551138257397
47659,-1
47688,587.3295358348153
47851,-1
47887,587.3295358348153
47906,-1
47906,587.3295358348153
48003,-1
48105,587.3295358348153
48203,-1
48232,587.3295358348153
48330,-1
48431,587.3295358348153
48529,-1
48558,440
48721,-1
48775,493.88330125612424
48873,-1
48974,493.88330125612424
49072,-1
49101,493.88330125612424
49199,-1
49301,493.88330125612424
49398,-1
49427,493.88330125612424
49590,-1
49627,493.88330125612424
49645,-1
49645,493.88330125612424
49743,-1
49844,493.88330125612424
49942,-1
49971,493.88330125612424
50069,-1
50170,493.88330125612424
50268,-1
50297,659.2551138257397
50460,-1
50496,659.2551138257397
50659,-1
50714,493.88330125612424
50811,-1
50840,493.88330125612424
50938,-1
51040,493.88330125612424
51138,-1
51166,493.88330125612424
51330,-1
51366,493.88330125612424
51384,-1
51384,493.88330125612424
51482,-1
51583,493.88330125612424
51681,-1
51710,493.88330125612424
51808,-1
51909,493.88330125612424
52007,-1
52036,659.2551138257397
52199,-1
52235,659.2551138257397
52398,-1
52453,493.88330125612424
52551,-1
52580,493.88330125612424
52677,-1
52779,493.88330125612424
52877,-1
52906,493.88330125612424
53069,-1
53105,493.88330125612424
53123,-1
53123,493.88330125612424
53221,-1
53322,493.88330125612424
53420,-1
53449,493.88330125612424
53547,-1
53648,493.88330125612424
53746,-1
53775,659.2551138257397
53938,-1
53974,659.2551138257397
53993,-1
53993,659.2551138257397
54090,-1
54192,659.2551138257397
54290,-1
54319,659.2551138257397
54416,-1
54518,659.2551138257397
54616,-1
54645,587.3295358348153
54808,-1
54844,587.3295358348153
54862,-1
54862,587.3295358348153
54960,-1
55061,587.3295358348153
55159,-1
55188,587.3295358348153
55286,-1
55388,587.3295358348153
55485,-1
55514,440
55677,-1
55732,493.88330125612424
55830,-1
55931,493.88330125612424
56029,-1
56058,493.88330125612424
56156,-1
56257,493.88330125612424
56355,-1
56384,493.88330125612424
56547,-1
56583,493.88330125612424
56601,-1
56601,493.88330125612424
56699,-1
56801,493.88330125612424
56898,-1
56927,493.88330125612424
57025,-1
57127,493.88330125612424
57224,-1
57253,659.2551138257397
57416,-1
57453,659.2551138257397
57616,-1
57670,493.88330125612424
57768,-1
57797,493.88330125612424
57895,-1
57996,493.88330125612424
58094,-1
58123,493.88330125612424
58286,-1
58322,493.88330125612424
58340,-1
58340,493.88330125612424
58438,-1
58540,493.88330125612424
58638,-1
58666,493.88330125612424
58764,-1
58866,493.88330125612424
58964,-1
58993,659.2551138257397
59156,-1
59192,659.2551138257397
59355,-1
59409,493.88330125612424
59507,-1
59536,493.88330125612424
59634,-1
59735,493.88330125612424
59833,-1
59862,493.88330125612424
60025,-1
60061,493.88330125612424
60080,-1
60080,493.88330125612424
60177,-1
60279,493.88330125612424
60377,-1
60406,493.88330125612424
60503,-1
60605,493.88330125612424
60703,-1
60732,659.2551138257397
60895,-1
60931,659.2551138257397
61094,-1
61148,493.88330125612424
61246,-1
61275,493.88330125612424
61373,-1
61474,493.88330125612424
61572,-1
61601,493.88330125612424
61764,-1
61801,493.88330125612424
61819,-1
61819,493.88330125612424
61916,-1
62018,493.88330125612424
62116,-1
62145,493.88330125612424
62243,-1
62344,493.88330125612424
62442,-1
62471,659.2551138257397
62634,-1
62670,659.2551138257397
62833,-1
62888,493.88330125612424
62985,-1
63014,493.88330125612424
63112,-1
63214,493.88330125612424
63311,-1
63340,493.88330125612424
63503,-1
63540,493.88330125612424
63558,-1
63558,493.88330125612424
63656,-1
63757,493.88330125612424
63855,-1
63884,493.88330125612424
63982,-1
64083,493.88330125612424
64181,-1
64210,659.2551138257397
64373,-1
64409,659.2551138257397
64427,-1
64427,659.2551138257397
64572,-1
64627,659.2551138257397
64724,-1
64753,659.2551138257397
64851,-1
64953,659.2551138257397
65051,-1
65080,587.3295358348153
65243,-1
65279,587.3295358348153
65297,-1
65297,587.3295358348153
65395,-1
65496,587.3295358348153
65594,-1
65623,587.3295358348153
65721,-1
65822,587.3295358348153
65920,-1
65949,440
66112,-1
66167,493.88330125612424
66264,-1
66366,493.88330125612424
66464,-1
66493,493.88330125612424
66590,-1
66692,493.88330125612424
66790,-1
66819,493.88330125612424
66982,-1
67018,493.88330125612424
67036,-1
67036,493.88330125612424
67134,-1
67235,493.88330125612424
67333,-1
67362,493.88330125612424
67460,-1
67561,493.88330125612424
67659,-1
67688,659.2551138257397
67851,-1
67888,659.2551138257397
68051,-1
68105,493.88330125612424
68203,-1
68232,493.88330125612424
68330,-1
68431,493.88330125612424
68529,-1
68558,493.88330125612424
68721,-1
68757,493.88330125612424
68775,-1
68775,493.88330125612424
68873,-1
68974,493.88330125612424
69072,-1
69101,493.88330125612424
69199,-1
69301,493.88330125612424
69398,-1
69427,659.2551138257397
69590,-1
69627,659.2551138257397
69790,-1
69844,493.88330125612424
69942,-1
69971,493.88330125612424
70069,-1
70170,493.88330125612424
70268,-1
70297,493.88330125612424
70460,-1
70496,493.88330125612424
70514,-1
70514,493.88330125612424
70612,-1
70714,493.88330125612424
70811,-1
70840,493.88330125612424
70938,-1
71040,493.88330125612424
71138,-1
71167,659.2551138257397
71330,-1
71366,659.2551138257397
71384,-1
71384,659.2551138257397
71529,-1
71583,659.2551138257397
71681,-1
71710,659.2551138257397
71808,-1
71909,659.2551138257397
72007,-1
72036,587.3295358348153
72199,-1
72235,587.3295358348153
72253,-1
72253,587.3295358348153
72351,-1
72453,587.3295358348153
72551,-1
72580,587.3295358348153
72677,-1
72779,587.3295358348153
72877,-1
72906,440
73069,-1
73123,493.88330125612424
73221,-1
73322,493.88330125612424
73420,-1
73449,493.88330125612424
73547,-1
73648,493.88330125612424
73746,-1
73775,493.88330125612424
73938,-1
73974,493.88330125612424
73993,-1
73993,493.88330125612424
74090,-1
74192,493.88330125612424
74290,-1
74319,493.88330125612424
74417,-1
74518,493.88330125612424
74616,-1
74645,493.88330125612424
74808,-1
74844,493.88330125612424
74862,-1
74862,493.88330125612424
74960,-1
75061,493.88330125612424
75159,-1
75188,493.88330125612424
75286,-1
75388,493.88330125612424
75485,-1
75514,493.88330125612424
75677,-1
75714,493.88330125612424
75732,-1
75732,493.88330125612424
75830,-1
75931,493.88330125612424
76029,-1
76058,493.88330125612424
76156,-1
76257,493.88330125612424
76355,-1
76384,493.88330125612424
76547,-1
76583,493.88330125612424
76601,-1
76601,493.88330125612424
76699,-1
76801,493.88330125612424
76898,-1
76927,493.88330125612424
77025,-1
77127,493.88330125612424
77224,-1
77253,493.88330125612424
77417,-1
77453,493.88330125612424
77471,-1
77471,493.88330125612424
77569,-1
77670,493.88330125612424
77768,-1
77797,493.88330125612424
77895,-1
77996,493.88330125612424
78094,-1
78123,493.88330125612424
78286,-1
78322,493.88330125612424
78340,-1
78340,493.88330125612424
78438,-1
78540,493.88330125612424
78638,-1
78667,493.88330125612424
78764,-1
78866,493.88330125612424
78964,-1
78993,493.88330125612424
79156,-1
79192,493.88330125612424
79210,-1
79210,493.88330125612424
79308,-1
79409,493.88330125612424
79507,-1
79536,493.88330125612424
79634,-1
79735,493.88330125612424
79833,-1
79862,493.88330125612424
80025,-1
80061,493.88330125612424
80080,-1
80080,493.88330125612424
80177,-1
80279,493.88330125612424
80377,-1
80406,493.88330125612424
80503,-1
80605,493.88330125612424
80703,-1
80732,493.88330125612424
80895,-1
80931,493.88330125612424
80949,-1
80949,493.88330125612424
81047,-1
81148,493.88330125612424
81246,-1
81275,493.88330125612424
81373,-1
81474,493.88330125612424
81572,-1
81601,659.2551138257397
81764,-1
81801,659.2551138257397
81819,-1
81819,659.2551138257397
81917,-1
82018,659.2551138257397
82116,-1
82145,659.2551138257397
82243,-1
82344,659.2551138257397
82442,-1
82471,587.3295358348153
82634,-1
82670,587.3295358348153
82688,-1
82688,587.3295358348153
82786,-1
82888,587.3295358348153
82985,-1
83014,587.3295358348153
83112,-1
83214,587.3295358348153
83311,-1
83340,440
83503,-1
83558,493.88330125612424
83656,-1
83757,493.88330125612424
83855,-1
83884,493.88330125612424
83982,-1
84083,493.88330125612424
84181,-1
84210,493.88330125612424
84373,-1
84409,493.88330125612424
84427,-1
84427,493.88330125612424
84525,-1
84627,493.88330125612424
84724,-1
84753,493.88330125612424
84851,-1
84953,493.88330125612424
85051,-1
85080,659.2551138257397
85243,-1
85279,659.2551138257397
85442,-1
85496,493.88330125612424
85594,-1
85623,493.88330125612424
85721,-1
85822,493.88330125612424
85920,-1
85949,493.88330125612424
86112,-1
86148,493.88330125612424
86167,-1
86167,493.88330125612424
86264,-1
86366,493.88330125612424
86464,-1
86493,493.88330125612424
86590,-1
86692,493.88330125612424
86790,-1
86819,659.2551138257397
86982,-1
87018,659.2551138257397
87181,-1
87235,493.88330125612424
87333,-1
87362,493.88330125612424
87460,-1
87561,493.88330125612424
87659,-1
87688,493.88330125612424
87851,-1
87888,493.88330125612424
87906,-1
87906,493.88330125612424
88003,-1
88105,493.88330125612424
88203,-1
88232,493.88330125612424
88330,-1
88431,493.88330125612424
88529,-1
88558,659.2551138257397
88721,-1
88757,659.2551138257397
88775,-1
88775,659.2551138257397
88873,-1
88974,659.2551138257397
89072,-1
89101,659.2551138257397
89199,-1
89301,659.2551138257397
89398,-1
89427,587.3295358348153
89590,-1
89627,587.3295358348153
89645,-1
89645,587.3295358348153
89743,-1
89844,587.3295358348153
89942,-1
89971,587.3295358348153
90069,-1
90170,587.3295358348153
90268,-1
90297,440
90460,-1
90514,493.88330125612424
90612,-1
90714,493.88330125612424
90811,-1
90840,493.88330125612424
90938,-1
91040,493.88330125612424
91138,-1
91167,493.88330125612424
91330,-1
91366,493.88330125612424
91384,-1
91384,493.88330125612424
91482,-1
91583,493.88330125612424
91681,-1
91710,493.88330125612424
91808,-1
91909,493.88330125612424
92007,-1
92036,659.2551138257397
92199,-1
92235,659.2551138257397
92398,-1
92453,493.88330125612424
92551,-1
92580,493.88330125612424
92677,-1
92779,493.88330125612424
92877,-1
92906,493.88330125612424
93069,-1
93105,493.88330125612424
93123,-1
93123,493.88330125612424
93221,-1
93322,493.88330125612424
93420,-1
93449,493.88330125612424
93547,-1
93648,493.88330125612424
93746,-1
93775,659.2551138257397
93938,-1
93974,659.2551138257397
94138,-1
94192,493.88330125612424
94290,-1
94319,493.88330125612424
94417,-1
94518,493.88330125612424
94616,-1
94645,493.88330125612424
94808,-1
94844,493.88330125612424
94862,-1
94862,493.88330125612424
94960,-1
95061,493.88330125612424
95159,-1
95188,493.88330125612424
95286,-1
95388,493.88330125612424
95485,-1
95514,659.2551138257397
95677,-1
95714,659.2551138257397
95732,-1
95732,659.2551138257397
95830,-1
95931,659.2551138257397
96029,-1
96058,659.2551138257397
96156,-1
96257,659.2551138257397
96355,-1
96384,587.3295358348153
96547,-1
96583,587.3295358348153
96601,-1
96601,587.3295358348153
96699,-1
96801,587.3295358348153
96898,-1
96927,587.3295358348153
97025,-1
97127,587.3295358348153
97225,-1
97253,440
97417,-1
97471,493.88330125612424
97569,-1
97670,493.88330125612424
97768,-1
97797,493.88330125612424
97895,-1
97996,493.88330125612424
98094,-1
98123,493.88330125612424
98286,-1
98322,493.88330125612424
98340,-1
98340,493.88330125612424
98438,-1
98540,493.88330125612424
98638,-1
98667,493.88330125612424
98764,-1
98866,493.88330125612424
98964,-1
98993,659.2551138257397
99156,-1
99192,659.2551138257397
99355,-1
99409,493.88330125612424
99507,-1
99536,493.88330125612424
99634,-1
99735,493.88330125612424
99833,-1
99862,493.88330125612424
100025,-1
100061,493.88330125612424
100080,-1
100080,493.88330125612424
100177,-1
100279,493.88330125612424
100377,-1
100406,493.88330125612424
100503,-1
100605,493.88330125612424
100703,-1
100732,659.2551138257397
100895,-1
100931,659.2551138257397
101094,-1
101148,493.88330125612424
101246,-1
101275,493.88330125612424
101373,-1
101475,493.88330125612424
101572,-1
101601,493.88330125612424
101764,-1
101801,493.88330125612424
101819,-1
101819,493.88330125612424
101917,-1
102018,493.88330125612424
102116,-1
102145,493.88330125612424
102243,-1
102344,493.88330125612424
102442,-1
102471,659.2551138257397
102634,-1
102670,659.2551138257397
102688,-1
102688,659.2551138257397
102786,-1
102888,659.2551138257397
102985,-1
103014,659.2551138257397
103112,-1
103214,659.2551138257397
103311,-1
103340,587.3295358348153
103503,-1
103540,587.3295358348153
103558,-1
103558,587.3295358348153
103656,-1
103757,587.3295358348153
103855,-1
103884,587.3295358348153
103982,-1
104083,587.3295358348153
104181,-1
104210,440
104373,-1
104427,493.88330125612424
104525,-1
104627,493.88330125612424
104725,-1
104753,493.88330125612424
104851,-1
104953,493.88330125612424
105051,-1
105080,493.88330125612424
105243,-1
105279,493.88330125612424
105297,-1
105297,493.88330125612424
105395,-1
105496,493.88330125612424
105594,-1
105623,493.88330125612424
105721,-1
105822,493.88330125612424
105920,-1
105949,659.2551138257397
106112,-1
106148,659.2551138257397
106311,-1
106366,493.88330125612424
106464,-1
106493,493.88330125612424
106590,-1
106692,493.88330125612424
106790,-1
106819,493.88330125612424
106982,-1
107018,493.88330125612424
107036,-1
107036,493.88330125612424
107134,-1
107235,493.88330125612424
107333,-1
107362,493.88330125612424
107460,-1
107561,493.88330125612424
107659,-1
107688,659.2551138257397
107851,-1
107888,659.2551138257397
108051,-1
108105,493.88330125612424
108203,-1
108232,493.88330125612424
108330,-1
108431,493.88330125612424
108529,-1
108558,493.88330125612424
108721,-1
108757,493.88330125612424
108775,-1
108775,493.88330125612424
108873,-1
108975,493.88330125612424
109072,-1
109101,493.88330125612424
109199,-1
109301,493.88330125612424
109398,-1
109427,493.88330125612424
109590,-1
109627,493.88330125612424
109645,-1
109645,493.88330125612424
109743,-1
109844,493.88330125612424
109942,-1
109971,493.88330125612424
110069,-1
110170,493.88330125612424
110268,-1
110297,493.88330125612424
110460,-1
110496,493.88330125612424
110514,-1
110514,493.88330125612424
110612,-1
110714,493.88330125612424
110811,-1
110840,493.88330125612424
110938,-1
111040,493.88330125612424
111138,-1
111167,493.88330125612424
111330,-1
111366,493.88330125612424
111384,-1
111384,493.88330125612424
111482,-1
111583,493.88330125612424
111681,-1
111710,493.88330125612424
111808,-1
111909,493.88330125612424
112007,-1
112036,493.88330125612424
112199,-1
112235,493.88330125612424
112253,-1
112253,493.88330125612424
112351,-1
112453,493.88330125612424
112551,-1
112580,493.88330125612424
112677,-1
112779,493.88330125612424
112877,-1
112906,493.88330125612424
113069,-1
113105,493.88330125612424
113123,-1
113123,493.88330125612424
113221,-1
113322,493.88330125612424
113420,-1
113449,493.88330125612424
113547,-1
113648,493.88330125612424
113746,-1
113775,493.88330125612424
113938,-1
113975,493.88330125612424
113993,-1
113993,493.88330125612424
114090,-1
114192,493.88330125612424
114290,-1
114319,493.88330125612424
114417,-1
114518,493.88330125612424
114616,-1
114645,493.88330125612424
114808,-1
114862,493.88330125612424
114960,-1
115061,493.88330125612424
115159,-1
115188,493.88330125612424
115286,-1
115388,493.88330125612424
115485,-1
115514,493.88330125612424
115677,-1
115714,493.88330125612424
115732,-1
115732,493.88330125612424
115830,-1
115931,493.88330125612424
116029,-1
116058,493.88330125612424
116156,-1
116257,493.88330125612424
116355,-1
116384,493.88330125612424
116547,-1
116583,493.88330125612424
116601,-1
116601,493.88330125612424
116699,-1
116801,493.88330125612424
116898,-1
116927,493.88330125612424
117025,-1
117127,493.88330125612424
117225,-1
117254,493.88330125612424
117417,-1
117453,493.88330125612424
117471,-1
117471,493.88330125612424
117569,-1
117670,493.88330125612424
117768,-1
117797,493.88330125612424
117895,-1
117996,493.88330125612424
118094,-1
118123,493.88330125612424
118286,-1
118322,493.88330125612424
118340,-1
118340,493.88330125612424
118438,-1
118540,493.88330125612424
118638,-1
118667,493.88330125612424
118764,-1
118866,493.88330125612424
118964,-1
118993,493.88330125612424
119156,-1
119192,493.88330125612424
119210,-1
119210,493.88330125612424
119308,-1
119409,493.88330125612424
119507,-1
119536,493.88330125612424
119634,-1
119735,493.88330125612424
119833,-1
119862,493.88330125612424
120025,-1
120061,493.88330125612424
120080,-1
120080,493.88330125612424
120177,-1
120279,493.88330125612424
120377,-1
120406,493.88330125612424
120504,-1
120605,493.88330125612424
120703,-1
120732,493.88330125612424
120895,-1
120931,493.88330125612424
120949,-1
120949,493.88330125612424
121047,-1
121148,493.88330125612424
121246,-1
121275,493.88330125612424
121373,-1
121475,493.88330125612424
121572,-1
121601,493.88330125612424
121764,-1
121819,493.88330125612424
121917,-1
122018,493.88330125612424
122116,-1
122145,493.88330125612424
122243,-1
122344,493.88330125612424
122442,-1
122471,493.88330125612424
122634,-1
122670,493.88330125612424
122688,-1
122688,493.88330125612424
122786,-1
122888,493.88330125612424
122985,-1
123014,493.88330125612424
123112,-1
123214,493.88330125612424
123311,-1
123340,493.88330125612424
123504,-1
123540,493.88330125612424
123558,-1
123558,493.88330125612424
123656,-1
123757,493.88330125612424
123855,-1
123884,493.88330125612424
123982,-1
124083,493.88330125612424
124181,-1
124210,493.88330125612424
124373,-1
124409,493.88330125612424
124427,-1
124427,493.88330125612424
124525,-1
124627,493.88330125612424
124725,-1
124754,493.88330125612424
124851,-1
124953,493.88330125612424
125051,-1
125080,493.88330125612424
125243,-1
125279,493.88330125612424
125297,-1
125297,493.88330125612424
125395,-1
125496,493.88330125612424
125594,-1
125623,493.88330125612424
125721,-1
125822,493.88330125612424
125920,-1
125949,493.88330125612424
126112,-1
126148,493.88330125612424
126167,-1
126167,493.88330125612424
126264,-1
126366,493.88330125612424
126464,-1
126493,493.88330125612424
126590,-1
126692,493.88330125612424
126790,-1
126819,493.88330125612424
126982,-1
127018,493.88330125612424
127036,-1
127036,493.88330125612424
127134,-1
127235,493.88330125612424
127333,-1
127362,493.88330125612424
127460,-1
127561,493.88330125612424
127659,-1
127688,493.88330125612424
127851,-1
127888,493.88330125612424
127906,-1
127906,493.88330125612424
128004,-1
128105,493.88330125612424
128203,-1
128232,493.88330125612424
128330,-1
128431,493.88330125612424
128529,-1
128558,493.88330125612424
128721,-1
128775,493.88330125612424
128873,-1
128975,493.88330125612424
129072,-1
129101,493.88330125612424
129199,-1
129301,493.88330125612424
129398,-1
129427,493.88330125612424
129590,-1
129627,493.88330125612424
129645,-1
129645,493.88330125612424
129743,-1
129844,493.88330125612424
129942,-1
129971,493.88330125612424
130069,-1
130170,493.88330125612424
130268,-1
130297,493.88330125612424
130460,-1
130496,493.88330125612424
130514,-1
130514,493.88330125612424
130612,-1
130714,493.88330125612424
130811,-1
130840,493.88330125612424
130938,-1
131040,493.88330125612424
131138,-1
131167,493.88330125612424
131330,-1
131366,493.88330125612424
131384,-1
131384,493.88330125612424
131482,-1
131583,493.88330125612424
131681,-1
131710,493.88330125612424
131808,-1
131909,493.88330125612424
132007,-1
132036,493.88330125612424
132199,-1
132235,493.88330125612424
132254,-1
132254,493.88330125612424
132351,-1
132453,493.88330125612424
132551,-1
132580,493.88330125612424
132677,-1
132779,493.88330125612424
132877,-1
132906,493.88330125612424
133069,-1
133105,493.88330125612424
133123,-1
133123,493.88330125612424
133221,-1
133322,493.88330125612424
133420,-1
133449,493.88330125612424
133547,-1
133648,493.88330125612424
133746,-1
133775,493.88330125612424
133938,-1
133975,493.88330125612424
133993,-1
133993,493.88330125612424
134090,-1
134192,493.88330125612424
134290,-1
134319,493.88330125612424
134417,-1
134518,493.88330125612424
134616,-1
134645,493.88330125612424
134808,-1
134844,493.88330125612424
134862,-1
134862,493.88330125612424
134960,-1
135061,493.88330125612424
135159,-1
135188,493.88330125612424
135286,-1
135388,493.88330125612424
135485,-1
135514,493.88330125612424
135677,-1
135732,493.88330125612424
135830,-1
135931,493.88330125612424
136029,-1
136058,493.88330125612424
136156,-1
136257,493.88330125612424
136355,-1
136384,493.88330125612424
136547,-1
136583,493.88330125612424
136601,-1
136601,493.88330125612424
136699,-1
136801,493.88330125612424
136898,-1
136927,493.88330125612424
137025,-1
137127,493.88330125612424
137225,-1
137254,493.88330125612424
137417,-1
137453,493.88330125612424
137471,-1
137471,493.88330125612424
137569,-1
137670,493.88330125612424
137768,-1
137797,493.88330125612424
137895,-1
137996,493.88330125612424
138094,-1
138123,493.88330125612424
138286,-1
138322,493.88330125612424
138340,-1
138340,493.88330125612424
138438,-1
138540,493.88330125612424
138638,-1
138667,493.88330125612424
138764,-1
138866,493.88330125612424
138964,-1
138993,493.88330125612424
139156,-1
139192,493.88330125612424
139210,-1
139210,493.88330125612424
139308,-1
139409,493.88330125612424
139507,-1
139536,493.88330125612424
139634,-1
139735,493.88330125612424
139833,-1
139862,493.88330125612424
140025,-1
140061,493.88330125612424
140080,-1
140080,493.88330125612424
140177,-1
140279,493.88330125612424
140377,-1
140406,493.88330125612424
140504,-1
140605,493.88330125612424
140703,-1
140732,493.88330125612424
140895,-1
140931,493.88330125612424
140949,-1
140949,493.88330125612424
141047,-1
141148,493.88330125612424
141246,-1
141275,493.88330125612424
141373,-1
141475,493.88330125612424
141572,-1
141601,493.88330125612424
141764,-1
141801,493.88330125612424
141819,-1
141819,493.88330125612424
141917,-1
142018,493.88330125612424
142116,-1
142145,493.88330125612424
142243,-1
142344,493.88330125612424
142442,-1
142471,493.88330125612424
142634,-1
142688,493.88330125612424
142833,-1
142888,493.88330125612424
142985,-1
143014,493.88330125612424
143112,-1
143214,493.88330125612424
143311,-1
143340,493.88330125612424
143504,-1
143540,493.88330125612424
143558,-1
143558,493.88330125612424
143656,-1
143757,493.88330125612424
143855,-1
143884,493.88330125612424
143982,-1
144083,493.88330125612424
144181,-1
144210,659.2551138257397
144373,-1
144409,659.2551138257397
144427,-1
144427,659.2551138257397
144525,-1
144627,659.2551138257397
144725,-1
144754,659.2551138257397
144851,-1
144953,659.2551138257397
145051,-1
145080,587.3295358348153
145243,-1
145279,587.3295358348153
145297,-1
145297,587.3295358348153
145395,-1
145496,587.3295358348153
145594,-1
145623,587.3295358348153
145721,-1
145822,587.3295358348153
145920,-1
145949,440
146112,-1
146167,493.88330125612424
146264,-1
146366,493.88330125612424
146464,-1
146493,493.88330125612424
146590,-1
146692,493.88330125612424
146790,-1
146819,493.88330125612424
146982,-1
147018,493.88330125612424
147036,-1
147036,493.88330125612424
147134,-1
147235,493.88330125612424
147333,-1
147362,493.88330125612424
147460,-1
147562,493.88330125612424
147659,-1
147688,659.2551138257397
147851,-1
147888,659.2551138257397
148051,-1
148105,493.88330125612424
148203,-1
148232,493.88330125612424
148330,-1
148431,493.88330125612424
148529,-1
148558,493.88330125612424
148721,-1
148757,493.88330125612424
148775,-1
148775,493.88330125612424
148873,-1
148975,493.88330125612424
149072,-1
149101,493.88330125612424
149199,-1
149301,493.88330125612424
149398,-1
149427,659.2551138257397
149590,-1
149627,659.2551138257397
149790,-1
149844,493.88330125612424
149942,-1
149971,493.88330125612424
150069,-1
150170,493.88330125612424
150268,-1
150297,493.88330125612424
150460,-1
150496,493.88330125612424
150514,-1
150514,493.88330125612424
150612,-1
150714,493.88330125612424
150812,-1
150840,493.88330125612424
150938,-1
151040,493.88330125612424
151138,-1
151167,659.2551138257397
151330,-1
151366,659.2551138257397
151384,-1
151384,659.2551138257397
151482,-1
151583,659.2551138257397
151681,-1
151710,659.2551138257397
151808,-1
151909,659.2551138257397
152007,-1
152036,587.3295358348153
152199,-1
152235,587.3295358348153
152254,-1
152254,587.3295358348153
152351,-1
152453,587.3295358348153
152551,-1
152580,587.3295358348153
152677,-1
152779,587.3295358348153
152877,-1
152906,440
153069,-1
153123,493.88330125612424
153221,-1
153322,493.88330125612424
153420,-1
153449,493.88330125612424
153547,-1
153648,493.88330125612424
153746,-1
153775,493.88330125612424
153938,-1
153975,493.88330125612424
153993,-1
153993,493.88330125612424
154090,-1
154192,493.88330125612424
154290,-1
154319,493.88330125612424
154417,-1
154518,493.88330125612424
154616,-1
154645,659.2551138257397
154808,-1
154844,659.2551138257397
155007,-1
155062,493.88330125612424
155159,-1
155188,493.88330125612424
155286,-1
155388,493.88330125612424
155485,-1
155514,493.88330125612424
155677,-1
155714,493.88330125612424
155732,-1
155732,493.88330125612424
155830,-1
155931,493.88330125612424
156029,-1
156058,493.88330125612424
156156,-1
156257,493.88330125612424
156355,-1
156384,659.2551138257397
156547,-1
156583,659.2551138257397
156746,-1
156801,493.88330125612424
156898,-1
156927,493.88330125612424
157025,-1
157127,493.88330125612424
157225,-1
157254,493.88330125612424
157417,-1
157453,493.88330125612424
157471,-1
157471,493.88330125612424
157569,-1
157670,493.88330125612424
157768,-1
157797,493.88330125612424
157895,-1
157996,493.88330125612424
158094,-1
158123,659.2551138257397
158286,-1
158322,659.2551138257397
158340,-1
158340,659.2551138257397
158438,-1
158540,659.2551138257397
158638,-1
158667,659.2551138257397
158764,-1
158866,659.2551138257397
158964,-1
158993,587.3295358348153
159156,-1
159192,587.3295358348153
159210,-1
159210,587.3295358348153
159308,-1
159409,587.3295358348153
159507,-1
159536,587.3295358348153
159634,-1
159735,587.3295358348153
159833,-1
159862,440
160025,-1
160080,493.88330125612424
160177,-1
160279,493.88330125612424
160377,-1
160406,493.88330125612424
160504,-1
160605,493.88330125612424
160703,-1
160732,493.88330125612424
160895,-1
160931,493.88330125612424
160949,-1
160949,493.88330125612424
161047,-1
161148,493.88330125612424
161246,-1
161275,493.88330125612424
161373,-1
161475,493.88330125612424
161572,-1
161601,659.2551138257397
161764,-1
161801,659.2551138257397
161964,-1
162018,493.88330125612424
162116,-1
162145,493.88330125612424
162243,-1
162344,493.88330125612424
162442,-1
162471,493.88330125612424
162634,-1
162670,493.88330125612424
162688,-1
162688,493.88330125612424
162786,-1
162888,493.88330125612424
162985,-1
163014,493.88330125612424
163112,-1
163214,493.88330125612424
163312,-1
163341,659.2551138257397
163504,-1
163540,659.2551138257397
163703,-1
163757,493.88330125612424
163855,-1
163884,493.88330125612424
163982,-1
164083,493.88330125612424
164181,-1
164210,493.88330125612424
164373,-1
164409,493.88330125612424
164427,-1
164427,493.88330125612424
164525,-1
164627,493.88330125612424
164725,-1
164754,493.88330125612424
164851,-1
164953,493.88330125612424
165051,-1
165080,659.2551138257397
165243,-1
165279,659.2551138257397
165297,-1
165297,659.2551138257397
165395,-1
165496,659.2551138257397
165594,-1
165623,659.2551138257397
165721,-1
165822,659.2551138257397
165920,-1
165949,587.3295358348153
166112,-1
166148,587.3295358348153
166167,-1
166167,587.3295358348153
166264,-1
166366,587.3295358348153
166464,-1
166493,587.3295358348153
166591,-1
166692,587.3295358348153
166790,-1
166819,440
166982,-1
167036,493.88330125612424
167134,-1
167235,493.88330125612424
167333,-1
167362,493.88330125612424
167460,-1
167562,493.88330125612424
167659,-1
167688,493.88330125612424
167851,-1
167888,493.88330125612424
167906,-1
167906,493.88330125612424
168004,-1
168105,493.88330125612424
168203,-1
168232,493.88330125612424
168330,-1
168431,493.88330125612424
168529,-1
168558,659.2551138257397
168721,-1
168757,659.2551138257397
168920,-1
168975,493.88330125612424
169072,-1
169101,493.88330125612424
169199,-1
169301,493.88330125612424
169398,-1
169427,493.88330125612424
169591,-1
169627,493.88330125612424
169645,-1
169645,493.88330125612424
169743,-1
169844,493.88330125612424
169942,-1
169971,493.88330125612424
170069,-1
170170,493.88330125612424
170268,-1
170297,659.2551138257397
170460,-1
170496,659.2551138257397
170659,-1
170714,493.88330125612424
170812,-1
170841,493.88330125612424
170938,-1
171040,493.88330125612424
171138,-1
171167,493.88330125612424
171330,-1
171366,493.88330125612424
171384,-1
171384,493.88330125612424
171482,-1
171583,493.88330125612424
171681,-1
171710,493.88330125612424
171808,-1
171909,493.88330125612424
172007,-1
172036,659.2551138257397
172199,-1
172235,659.2551138257397
172398,-1
172453,493.88330125612424
172551,-1
172580,493.88330125612424
172677,-1
172779,493.88330125612424
172877,-1
172906,493.88330125612424
173069,-1
173105,493.88330125612424
173123,-1
173123,493.88330125612424
173221,-1
173322,493.88330125612424
173420,-1
173449,493.88330125612424
173547,-1
173648,493.88330125612424
173746,-1
173775,659.2551138257397
173938,-1
173975,659.2551138257397
174138,-1
174192,493.88330125612424
174290,-1
174319,493.88330125612424
174417,-1
174518,493.88330125612424
174616,-1
174645,493.88330125612424
174808,-1
174844,493.88330125612424
174862,-1
174862,493.88330125612424
174960,-1
175062,493.88330125612424
175159,-1
175188,493.88330125612424
175286,-1
175388,493.88330125612424
175485,-1
175514,659.2551138257397
175677,-1
175714,659.2551138257397
175732,-1
175732,659.2551138257397
175877,-1
175931,659.2551138257397
176029,-1
176058,659.2551138257397
176156,-1
176257,659.2551138257397
176355,-1
176384,587.3295358348153
176547,-1
176583,587.3295358348153
176601,-1
176601,587.3295358348153
176699,-1
176801,587.3295358348153
176898,-1
176927,587.3295358348153
177025,-1
177127,587.3295358348153
177225,-1
177254,440
177417,-1
177471,493.88330125612424
177569,-1
177670,493.88330125612424
177768,-1
177797,493.88330125612424
177895,-1
177996,493.88330125612424
178094,-1
178123,493.88330125612424
178286,-1
178322,493.88330125612424
178341,-1
178341,493.88330125612424
178438,-1
178540,493.88330125612424
178638,-1
178667,493.88330125612424
178764,-1
178866,493.88330125612424
178964,-1
178993,659.2551138257397
179156,-1
179192,659.2551138257397
179355,-1
179409,493.88330125612424
179507,-1
179536,493.88330125612424
179634,-1
179735,493.88330125612424
179833,-1
179862,493.88330125612424
180025,-1
180062,493.88330125612424
180080,-1
180080,493.88330125612424
180177,-1
180279,493.88330125612424
180377,-1
180406,493.88330125612424
180504,-1
180605,493.88330125612424
180703,-1
180732,659.2551138257397
180895,-1
180931,659.2551138257397
181094,-1
181148,493.88330125612424
181246,-1
181275,493.88330125612424
181373,-1
181475,493.88330125612424
181572,-1
181601,493.88330125612424
181764,-1
181801,493.88330125612424
181819,-1
181819,493.88330125612424
181917,-1
182018,493.88330125612424
182116,-1
182145,493.88330125612424
182243,-1
182344,493.88330125612424
182442,-1
182471,659.2551138257397
182634,-1
182670,659.2551138257397
182688,-1
182688,659.2551138257397
182833,-1
182888,659.2551138257397
182985,-1
183014,659.2551138257397
183112,-1
183214,659.2551138257397
183312,-1
183341,587.3295358348153
183504,-1
183540,587.3295358348153
183558,-1
183558,587.3295358348153
183656,-1
183757,587.3295358348153
183855,-1
183884,587.3295358348153
183982,-1
184083,587.3295358348153
184181,-1
184210,440
184373,-1
184427,493.88330125612424
184525,-1
184627,493.88330125612424
184725,-1
184754,493.88330125612424
184851,-1
184953,493.88330125612424
185051,-1
185080,493.88330125612424
185243,-1
185279,493.88330125612424
185297,-1
185297,493.88330125612424
185395,-1
185496,493.88330125612424
185594,-1
185623,493.88330125612424
185721,-1
185822,493.88330125612424
185920,-1
185949,493.88330125612424
186112,-1
186148,493.88330125612424
186167,-1
186167,493.88330125612424
186264,-1
186366,493.88330125612424
186464,-1
186493,493.88330125612424
186591,-1
186692,493.88330125612424
186790,-1
186819,493.88330125612424
186982,-1
187018,493.88330125612424
187036,-1
187036,493.88330125612424
187134,-1
187235,493.88330125612424
187333,-1
187362,493.88330125612424
187460,-1
187562,493.88330125612424
187659,-1
187688,493.88330125612424
187851,-1
187888,493.88330125612424
187906,-1
187906,493.88330125612424
188004,-1
188105,493.88330125612424
188203,-1
188232,493.88330125612424
188330,-1
188431,493.88330125612424
188529,-1
188558,493.88330125612424
188721,-1
188757,493.88330125612424
188775,-1
188775,493.88330125612424
188873,-1
188975,493.88330125612424
189072,-1
189101,493.88330125612424
189199,-1
189301,493.88330125612424
189398,-1
189427,493.88330125612424
189591,-1
189627,493.88330125612424
189645,-1
189645,493.88330125612424
189743,-1
189844,493.88330125612424
189942,-1
189971,493.88330125612424
190069,-1
190170,493.88330125612424
190268,-1
190297,493.88330125612424
190460,-1
190496,493.88330125612424
190514,-1
190514,493.88330125612424
190612,-1
190714,493.88330125612424
190812,-1
190841,493.88330125612424
190938,-1
191040,493.88330125612424
191138,-1
191167,493.88330125612424
191330,-1
191366,493.88330125612424
191384,-1
191384,493.88330125612424
191482,-1
191583,493.88330125612424
191681,-1
191710,493.88330125612424
191808,-1
191909,493.88330125612424
192007,-1
192036,493.88330125612424
192199,-1
192235,493.88330125612424
192254,-1
192254,493.88330125612424
192351,-1
192453,493.88330125612424
192551,-1
192580,493.88330125612424
192677,-1
192779,493.88330125612424
192877,-1
192906,659.2551138257397
193069,-1
193105,659.2551138257397
193123,-1
193123,659.2551138257397
193221,-1
193322,659.2551138257397
193420,-1
193449,659.2551138257397
193547,-1
193649,659.2551138257397
193746,-1
193775,587.3295358348153
193938,-1
193975,587.3295358348153
193993,-1
193993,587.3295358348153
194091,-1
194192,587.3295358348153
194290,-1
194319,587.3295358348153
194417,-1
194518,587.3295358348153
194616,-1
194645,440
194808,-1
194862,493.88330125612424
194960,-1
195062,493.88330125612424
195159,-1
195188,493.88330125612424
195286,-1
195388,493.88330125612424
195485,-1
195514,493.88330125612424
195677,-1
195714,493.88330125612424
195732,-1
195732,493.88330125612424
195830,-1
195931,493.88330125612424
196029,-1
196058,493.88330125612424
196156,-1
196257,493.88330125612424
196355,-1
196384,659.2551138257397
196547,-1
196583,659.2551138257397
196746,-1
196801,493.88330125612424
196899,-1
196927,493.88330125612424
197025,-1
197127,493.88330125612424
197225,-1
197254,493.88330125612424
197417,-1
197453,493.88330125612424
197471,-1
197471,493.88330125612424
197569,-1
197670,493.88330125612424
197768,-1
197797,493.88330125612424
197895,-1
197996,493.88330125612424
198094,-1
198123,659.2551138257397
198286,-1
198322,659.2551138257397
198485,-1
198540,493.88330125612424
198638,-1
198667,493.88330125612424
198764,-1
198866,493.88330125612424
198964,-1
198993,493.88330125612424
199156,-1
199192,493.88330125612424
199210,-1
199210,493.88330125612424
199308,-1
199409,493.88330125612424
199507,-1
199536,493.88330125612424
199634,-1
199735,493.88330125612424
199833,-1
199862,659.2551138257397
200025,-1
200062,659.2551138257397
200080,-1
200080,659.2551138257397
200177,-1
200279,659.2551138257397
200377,-1
200406,659.2551138257397
200504,-1
200605,659.2551138257397
200703,-1
200732,587.3295358348153
200895,-1
200931,587.3295358348153
200949,-1
200949,587.3295358348153
201047,-1
201149,587.3295358348153
201246,-1
201275,587.3295358348153
201373,-1
201475,587.3295358348153
201572,-1
201601,440
201764,-1
201819,493.88330125612424
201917,-1
202018,493.88330125612424
202116,-1
202145,493.88330125612424
202243,-1
202344,493.88330125612424
202442,-1
202471,493.88330125612424
202634,-1
202670,493.88330125612424
202688,-1
202688,493.88330125612424
202786,-1
202888,493.88330125612424
202985,-1
203014,493.88330125612424
203112,-1
203214,493.88330125612424
203312,-1
203341,659.2551138257397
203504,-1
203540,659.2551138257397
203703,-1
203757,493.88330125612424
203855,-1
203884,493.88330125612424
203982,-1
204083,493.88330125612424
204181,-1
204210,493.88330125612424
204373,-1
204409,493.88330125612424
204427,-1
204427,493.88330125612424
204525,-1
204627,493.88330125612424
204725,-1
204754,493.88330125612424
204851,-1
204953,493.88330125612424
205051,-1
205080,659.2551138257397
205243,-1
205279,659.2551138257397
205442,-1
205496,493.88330125612424
205594,-1
205623,493.88330125612424
205721,-1
205822,493.88330125612424
205920,-1
205949,493.88330125612424
206112,-1
206149,493.88330125612424
206167,-1
206167,493.88330125612424
206264,-1
206366,493.88330125612424
206464,-1
206493,493.88330125612424
206591,-1
206692,493.88330125612424
206790,-1
206819,659.2551138257397
206982,-1
207018,659.2551138257397
207036,-1
207036,659.2551138257397
207134,-1
207235,659.2551138257397
207333,-1
207362,659.2551138257397
207460,-1
207562,659.2551138257397
207659,-1
207688,587.3295358348153
207851,-1
207888,587.3295358348153
207906,-1
207906,587.3295358348153
208004,-1
208105,587.3295358348153
208203,-1
208232,587.3295358348153
208330,-1
208431,587.3295358348153
208529,-1
208558,440
208721,-1
208775,493.88330125612424
208873,-1
208975,493.88330125612424
209072,-1
209101,493.88330125612424
209199,-1
209301,493.88330125612424
209399,-1
209427,493.88330125612424
209591,-1
209627,493.88330125612424
209645,-1
209645,493.88330125612424
209743,-1
209844,493.88330125612424
209942,-1
209971,493.88330125612424
210069,-1
210170,493.88330125612424
210268,-1
210297,659.2551138257397
210460,-1
210496,659.2551138257397
210659,-1
210714,493.88330125612424
210812,-1
210841,493.88330125612424
210938,-1
211040,493.88330125612424
211138,-1
211167,493.88330125612424
211330,-1
211366,493.88330125612424
211384,-1
211384,493.88330125612424
211482,-1
211583,493.88330125612424
211681,-1
211710,493.88330125612424
211808,-1
211909,493.88330125612424
212007,-1
212036,659.2551138257397
212199,-1
212235,659.2551138257397
212399,-1
212453,493.88330125612424
212551,-1
212580,493.88330125612424
212678,-1
212779,493.88330125612424
212877,-1
212906,493.88330125612424
213069,-1
213105,493.88330125612424
213123,-1
213123,493.88330125612424
213221,-1
213322,493.88330125612424
213420,-1
213449,493.88330125612424
213547,-1
213649,493.88330125612424
213746,-1
213775,659.2551138257397
213938,-1
213975,659.2551138257397
213993,-1
213993,659.2551138257397
214091,-1
214192,659.2551138257397
214290,-1
214319,659.2551138257397
214417,-1
214518,659.2551138257397
214616,-1
214645,587.3295358348153
214808,-1
214844,587.3295358348153
214862,-1
214862,587.3295358348153
214960,-1
215062,587.3295358348153
215159,-1
215188,587.3295358348153
215286,-1
215388,587.3295358348153
215485,-1
215514,440
215678,-1
215732,493.88330125612424
215830,-1
215931,493.88330125612424
216029,-1
216058,493.88330125612424
216156,-1
216257,493.88330125612424
216355,-1
216384,493.88330125612424
216547,-1
216583,493.88330125612424
216601,-1
216601,493.88330125612424
216699,-1
216801,493.88330125612424
216899,-1
216928,493.88330125612424
217025,-1
217127,493.88330125612424
217225,-1
217254,659.2551138257397
217417,-1
217453,659.2551138257397
217616,-1
217670,493.88330125612424
217768,-1
217797,493.88330125612424
217895,-1
217996,493.88330125612424
218094,-1
218123,493.88330125612424
218286,-1
218322,493.88330125612424
218341,-1
218341,493.88330125612424
218438,-1
218540,493.88330125612424
218638,-1
218667,493.88330125612424
218764,-1
218866,493.88330125612424
218964,-1
218993,659.2551138257397
219156,-1
219192,659.2551138257397
219355,-1
219409,493.88330125612424
219507,-1
219536,493.88330125612424
219634,-1
219735,493.88330125612424
219833,-1
219862,493.88330125612424
220025,-1
220062,493.88330125612424
220080,-1
220080,493.88330125612424
220178,-1
220279,493.88330125612424
220377,-1
220406,493.88330125612424
220504,-1
220605,493.88330125612424
220703,-1
220732,659.2551138257397
220895,-1
220931,659.2551138257397
221094,-1
221149,493.88330125612424
221246,-1
221275,493.88330125612424
221373,-1
221475,493.88330125612424
221572,-1
221601,493.88330125612424
221764,-1
221801,493.88330125612424
221819,-1
221819,493.88330125612424
221917,-1
222018,493.88330125612424
222116,-1
222145,493.88330125612424
222243,-1
222344,493.88330125612424
222442,-1
222471,659.2551138257397
222634,-1
222670,659.2551138257397
222833,-1
222888,493.88330125612424
222985,-1
223014,493.88330125612424
223112,-1
223214,493.88330125612424
223312,-1
223341,493.88330125612424
223504,-1
223540,493.88330125612424
223558,-1
223558,493.88330125612424
223656,-1
223757,493.88330125612424
223855,-1
223884,493.88330125612424
223982,-1
224083,493.88330125612424
224181,-1
224210,659.2551138257397
224373,-1
224409,659.2551138257397
224428,-1
224428,659.2551138257397
224572,-1
224627,659.2551138257397
224725,-1
224754,659.2551138257397
224851,-1
224953,659.2551138257397
225051,-1
225080,587.3295358348153
225243,-1
225279,587.3295358348153
225297,-1
225297,587.3295358348153
225395,-1
225496,587.3295358348153
225594,-1
225623,587.3295358348153
225721,-1
225822,587.3295358348153
225920,-1
225949,440
226112,-1
226167,493.88330125612424
226264,-1
226366,493.88330125612424
226464,-1
226493,493.88330125612424
226591,-1
226692,493.88330125612424
226790,-1
226819,493.88330125612424
226982,-1
227018,493.88330125612424
227036,-1
227036,493.88330125612424
227134,-1
227235,493.88330125612424
227333,-1
227362,493.88330125612424
227460,-1
227562,493.88330125612424
227659,-1
227688,659.2551138257397
227851,-1
227888,659.2551138257397
228051,-1
228105,493.88330125612424
228203,-1
228232,493.88330125612424
228330,-1
228431,493.88330125612424
228529,-1
228558,493.88330125612424
228721,-1
228757,493.88330125612424
228775,-1
228775,493.88330125612424
228873,-1
228975,493.88330125612424
229072,-1
229101,493.88330125612424
229199,-1
229301,493.88330125612424
229399,-1
229428,659.2551138257397
229591,-1
229627,659.2551138257397
229790,-1
229844,493.88330125612424
229942,-1
229971,493.88330125612424
230069,-1
230170,493.88330125612424
230268,-1
230297,493.88330125612424
230460,-1
230496,493.88330125612424
230514,-1
230514,493.88330125612424
230612,-1
230714,493.88330125612424
230812,-1
230841,493.88330125612424
230938,-1
231040,493.88330125612424
231138,-1
231167,659.2551138257397
231330,-1
231366,659.2551138257397
231384,-1
231384,659.2551138257397
231529,-1
231583,659.2551138257397
231681,-1
231710,659.2551138257397
231808,-1
231909,659.2551138257397
232007,-1
232036,587.3295358348153
232199,-1
232235,587.3295358348153
232254,-1
232254,587.3295358348153
232351,-1
232453,587.3295358348153
232551,-1
232580,587.3295358348153
232678,-1
232779,587.3295358348153
232877,-1
232906,440
233069,-1
233123,493.88330125612424
233221,-1
233322,493.88330125612424
233420,-1
233449,493.88330125612424
233547,-1
233649,493.88330125612424
233746,-1
233775,493.88330125612424
233938,-1
233975,493.88330125612424
233993,-1
233993,493.88330125612424
234091,-1
234192,493.88330125612424
234290,-1
234319,493.88330125612424
234417,-1
234518,493.88330125612424
234616,-1
234645,493.88330125612424
234808,-1
234844,493.88330125612424
234862,-1
234862,493.88330125612424
234960,-1
235062,493.88330125612424
235159,-1
235188,493.88330125612424
235286,-1
235388,493.88330125612424
235485,-1
235514,493.88330125612424
235678,-1
235714,493.88330125612424
235732,-1
235732,493.88330125612424
235830,-1
235931,493.88330125612424
236029,-1
236058,493.88330125612424
236156,-1
236257,493.88330125612424
236355,-1
236384,493.88330125612424
236547,-1
236583,493.88330125612424
236601,-1
236601,493.88330125612424
236699,-1
236801,493.88330125612424
236899,-1
236928,493.88330125612424
237025,-1
237127,493.88330125612424
237225,-1
237254,493.88330125612424
237417,-1
237453,493.88330125612424
237471,-1
237471,493.88330125612424
237569,-1
237670,493.88330125612424
237768,-1
237797,493.88330125612424
237895,-1
237996,493.88330125612424
238094,-1
238123,493.88330125612424
238286,-1
238322,493.88330125612424
238341,-1
238341,493.88330125612424
238438,-1
238540,493.88330125612424
238638,-1
238667,493.88330125612424
238764,-1
238866,493.88330125612424
238964,-1
238993,493.88330125612424
239156,-1
239192,493.88330125612424
239210,-1
239210,493.88330125612424
239308,-1
239409,493.88330125612424
239507,-1
239536,493.88330125612424
239634,-1
239735,493.88330125612424
239833,-1
239862,493.88330125612424
240025,-1
240062,493.88330125612424
240178,-1
