9843,138.59131548843604
10000,-1
10000,164.813778456435
10312,-1
10312,164.813778456435
10468,-1
10468,164.813778456435
10625,-1
10625,164.813778456435
10781,-1
10781,164.813778456435
10937,-1
11093,164.813778456435
11250,-1
11406,164.813778456435
11562,-1
11562,164.813778456435
11718,-1
11875,164.813778456435
12031,-1
12031,164.813778456435
12187,-1
12187,164.813778456435
12343,-1
12343,164.813778456435
12500,-1
12500,164.813778456435
12812,-1
12812,164.813778456435
12968,-1
13125,184.9972113558172
13281,-1
13281,207.65234878997256
13437,-1
13593,207.65234878997256
14375,-1
15000,246.94165062806212
15156,-1
15156,207.65234878997256
15312,-1
15312,184.9972113558172
15468,-1
15468,184.9972113558172
15625,-1
15781,184.9972113558172
15937,-1
16093,184.9972113558172
16250,-1
16250,184.9972113558172
16406,-1
16406,184.9972113558172
16562,-1
16562,184.9972113558172
16718,-1
16718,184.9972113558172
16875,-1
16875,184.9972113558172
17031,-1
17187,184.9972113558172
17343,-1
17343,184.9972113558172
17500,-1
17500,184.9972113558172
17812,-1
17812,184.9972113558172
17968,-1
17968,184.9972113558172
18125,-1
18125,184.9972113558172
18281,-1
18281,164.813778456435
18437,-1
18593,138.59131548843604
19375,-1
19843,138.59131548843604
20000,-1
20000,184.9972113558172
20156,-1
20156,207.65234878997256
20312,-1
20312,207.65234878997256
20468,-1
20468,207.65234878997256
20625,-1
20625,207.65234878997256
20781,-1
20781,207.65234878997256
20937,-1
20937,207.65234878997256
21093,-1
21093,207.65234878997256
21250,-1
21250,207.65234878997256
21406,-1
21406,207.65234878997256
21562,-1
21562,207.65234878997256
21718,-1
21718,207.65234878997256
21875,-1
22031,207.65234878997256
22343,-1
22343,207.65234878997256
22500,-1
22500,246.94165062806212
22656,-1
22812,207.65234878997256
22968,-1
22968,207.65234878997256
23125,-1
23125,184.9972113558172
23281,-1
23281,164.813778456435
23437,-1
23437,164.813778456435
23593,-1
23593,207.65234878997256
24375,-1
24375,184.9972113558172
24531,-1
24531,164.813778456435
24687,-1
24687,164.813778456435
24843,-1
24843,164.813778456435
25000,-1
25000,164.813778456435
25468,-1
25468,246.94165062806212
25625,-1
25781,207.65234878997256
25937,-1
25937,207.65234878997256
26093,-1
26093,207.65234878997256
26250,-1
26250,184.9972113558172
26406,-1
26406,184.9972113558172
26562,-1
26562,184.9972113558172
26718,-1
26718,184.9972113558172
26875,-1
27031,184.9972113558172
27187,-1
27343,184.9972113558172
27500,-1
27500,184.9972113558172
27656,-1
27812,184.9972113558172
27968,-1
28125,184.9972113558172
28281,-1
28437,164.813778456435
28593,-1
28593,138.59131548843604
28750,-1
28906,103.82617439498628
29062,-1
29062,103.82617439498628
29218,-1
29375,123.470825314031
29531,-1
29531,138.59131548843604
29687,-1
29687,138.59131548843604
29843,-1
30000,138.59131548843604
30312,-1
30312,138.59131548843604
30625,-1
30625,138.59131548843604
30937,-1
30937,123.470825314031
31250,-1
31250,138.59131548843604
31562,-1
31562,207.65234878997256
31875,-1
31875,184.9972113558172
32187,-1
32500,184.9972113558172
32656,-1
32656,184.9972113558172
32812,-1
32968,207.65234878997256
33125,-1
33125,184.9972113558172
33281,-1
33437,164.813778456435
33593,-1
33750,138.59131548843604
33906,-1
34062,164.813778456435
34218,-1
34375,207.65234878997256
34531,-1
34531,184.9972113558172
34687,-1
34687,164.813778456435
34843,-1
34843,184.9972113558172
35000,-1
35000,138.59131548843604
35312,-1
35625,246.94165062806212
35781,-1
35781,207.65234878997256
35937,-1
35937,184.9972113558172
36093,-1
36093,207.65234878997256
36250,-1
36250,184.9972113558172
36406,-1
36406,184.9972113558172
36562,-1
36562,164.813778456435
36718,-1
36875,138.59131548843604
37031,-1
37500,184.9972113558172
37656,-1
37656,184.9972113558172
37812,-1
37968,207.65234878997256
38125,-1
38125,184.9972113558172
38281,-1
38437,164.813778456435
38593,-1
38750,184.9972113558172
38906,-1
39062,164.813778456435
39218,-1
39375,138.59131548843604
39531,-1
39687,123.470825314031
39843,-1
40000,138.59131548843604
40312,-1
40625,138.59131548843604
40937,-1
40937,123.470825314031
41250,-1
41250,138.59131548843604
41562,-1
41562,207.65234878997256
41875,-1
41875,184.9972113558172
42187,-1
42500,184.9972113558172
42656,-1
42656,184.9972113558172
42812,-1
42968,207.65234878997256
43125,-1
43125,184.9972113558172
43281,-1
43437,164.813778456435
43593,-1
43750,138.59131548843604
43906,-1
44062,164.813778456435
44218,-1
44375,207.65234878997256
44531,-1
44531,184.9972113558172
44687,-1
44687,164.813778456435
44843,-1
44843,184.9972113558172
45000,-1
45000,138.59131548843604
45312,-1
45625,246.94165062806212
45781,-1
45781,207.65234878997256
45937,-1
45937,184.9972113558172
46093,-1
46093,207.65234878997256
46250,-1
46250,184.9972113558172
46406,-1
46406,184.9972113558172
46562,-1
46562,164.813778456435
46718,-1
46875,138.59131548843604
47031,-1
47187,138.59131548843604
47343,-1
47500,246.94165062806212
47656,-1
47656,207.65234878997256
47812,-1
47812,184.9972113558172
47968,-1
47968,207.65234878997256
48125,-1
48125,184.9972113558172
48281,-1
48281,184.9972113558172
48437,-1
48437,164.813778456435
48593,-1
48750,138.59131548843604
49062,-1
49062,103.82617439498628
49375,-1
49375,123.470825314031
49687,-1
49687,138.59131548843604
50000,-1
50937,164.813778456435
51093,-1
51093,184.9972113558172
51250,-1
51250,184.9972113558172
51406,-1
51406,207.65234878997256
51562,-1
51562,184.9972113558172
51718,-1
51718,164.813778456435
51875,-1
51875,164.813778456435
52031,-1
52187,184.9972113558172
52343,-1
52500,184.9972113558172
52656,-1
53281,184.9972113558172
53437,-1
53437,164.813778456435
53593,-1
53593,184.9972113558172
53750,-1
53750,184.9972113558172
53906,-1
53906,207.65234878997256
54062,-1
54062,184.9972113558172
54218,-1
54218,164.813778456435
54375,-1
54375,164.813778456435
54531,-1
54687,184.9972113558172
54843,-1
55000,138.59131548843604
55156,-1
55937,164.813778456435
56093,-1
56093,184.9972113558172
56250,-1
56250,184.9972113558172
56406,-1
56406,207.65234878997256
56562,-1
56562,184.9972113558172
56718,-1
56718,164.813778456435
56875,-1
56875,164.813778456435
57031,-1
57187,184.9972113558172
57343,-1
57500,184.9972113558172
57656,-1
58437,164.813778456435
58593,-1
58593,184.9972113558172
58750,-1
58750,207.65234878997256
59062,-1
59062,184.9972113558172
59218,-1
59218,164.813778456435
59375,-1
59375,184.9972113558172
59843,-1
59843,138.59131548843604
60000,-1
60937,164.813778456435
61093,-1
61093,184.9972113558172
61250,-1
61250,184.9972113558172
61406,-1
61406,207.65234878997256
61562,-1
61562,246.94165062806212
61718,-1
61718,207.65234878997256
61875,-1
61875,184.9972113558172
62031,-1
62187,164.813778456435
62343,-1
62500,184.9972113558172
62656,-1
63281,184.9972113558172
63437,-1
63437,164.813778456435
63593,-1
63593,184.9972113558172
63750,-1
63750,184.9972113558172
63906,-1
63906,207.65234878997256
64062,-1
64062,184.9972113558172
64218,-1
64218,164.813778456435
64375,-1
64375,164.813778456435
64531,-1
64687,184.9972113558172
64843,-1
65000,138.59131548843604
65156,-1
65312,138.59131548843604
65468,-1
65468,138.59131548843604
65625,-1
65625,138.59131548843604
65781,-1
65781,138.59131548843604
65937,-1
65937,164.813778456435
66093,-1
66093,184.9972113558172
66250,-1
66250,207.65234878997256
66406,-1
66562,138.59131548843604
66718,-1
66875,164.813778456435
67031,-1
67187,184.9972113558172
67343,-1
67500,184.9972113558172
67656,-1
68437,164.813778456435
68593,-1
68593,184.9972113558172
68750,-1
68750,207.65234878997256
69062,-1
69062,184.9972113558172
69218,-1
69218,164.813778456435
69375,-1
69375,184.9972113558172
69843,-1
69843,138.59131548843604
70000,-1
70000,69.29565774421802
70000,138.59131548843604
70312,-1
70312,-1
70312,138.59131548843604
70312,69.29565774421802
70625,-1
70625,-1
70625,82.4068892282175
70625,164.813778456435
70937,-1
70937,-1
70937,164.813778456435
70937,82.4068892282175
71250,-1
71250,-1
71250,92.4986056779086
71250,184.9972113558172
71562,-1
71562,-1
71562,92.4986056779086
71562,184.9972113558172
71875,-1
71875,-1
71875,207.65234878997256
71875,103.82617439498628
72187,-1
72187,-1
72187,103.82617439498628
72187,207.65234878997256
72500,-1
72500,-1
73437,164.813778456435
73437,82.4068892282175
73593,-1
73593,-1
73593,92.4986056779086
73593,184.9972113558172
73750,-1
73750,-1
73750,207.65234878997256
73750,103.82617439498628
74062,-1
74062,-1
74062,92.4986056779086
74062,184.9972113558172
74218,-1
74218,-1
74218,164.813778456435
74218,82.4068892282175
74375,-1
74375,-1
74375,92.4986056779086
74375,184.9972113558172
74843,-1
74843,-1
74843,138.59131548843604
74843,69.29565774421802
75000,-1
75000,-1
75000,69.29565774421802
75000,138.59131548843604
75312,-1
75312,-1
75312,69.29565774421802
75312,138.59131548843604
75625,-1
75625,-1
75625,164.813778456435
75625,82.4068892282175
75937,-1
75937,-1
75937,82.4068892282175
75937,164.813778456435
76250,-1
76250,-1
76250,184.9972113558172
76250,92.4986056779086
76562,-1
76562,-1
76562,92.4986056779086
76562,184.9972113558172
76875,-1
76875,-1
76875,207.65234878997256
76875,103.82617439498628
77187,-1
77187,-1
77187,103.82617439498628
77187,207.65234878997256
77500,-1
77500,-1
78437,164.813778456435
78437,82.4068892282175
78593,-1
78593,-1
78593,92.4986056779086
78593,184.9972113558172
78750,-1
78750,-1
78750,207.65234878997256
78750,103.82617439498628
79062,-1
79062,-1
79062,92.4986056779086
79062,184.9972113558172
79218,-1
79218,-1
79218,82.4068892282175
79218,164.813778456435
79375,-1
79375,-1
79375,184.9972113558172
79375,92.4986056779086
79843,-1
79843,-1
79843,69.29565774421802
79843,138.59131548843604
80000,-1
80000,-1
80000,138.59131548843604
80000,69.29565774421802
80312,-1
80312,-1
80312,69.29565774421802
80312,138.59131548843604
80625,-1
80625,-1
80625,164.813778456435
80625,82.4068892282175
80937,-1
80937,-1
80937,82.4068892282175
80937,164.813778456435
81250,-1
81250,-1
81250,184.9972113558172
81250,92.4986056779086
81562,-1
81562,-1
81562,92.4986056779086
81562,184.9972113558172
81875,-1
81875,-1
81875,207.65234878997256
81875,103.82617439498628
82187,-1
82187,-1
82187,103.82617439498628
82187,207.65234878997256
82500,-1
82500,-1
83437,82.4068892282175
83437,164.813778456435
83593,-1
83593,-1
83593,184.9972113558172
83593,92.4986056779086
83750,-1
83750,-1
83750,103.82617439498628
83750,207.65234878997256
84062,-1
84062,-1
84062,184.9972113558172
84062,92.4986056779086
84218,-1
84218,-1
84218,82.4068892282175
84218,164.813778456435
84375,-1
84375,-1
84375,184.9972113558172
84375,92.4986056779086
84843,-1
84843,-1
84843,69.29565774421802
84843,138.59131548843604
85000,-1
85000,-1
85312,138.59131548843604
85312,69.29565774421802
85468,-1
85468,-1
85468,69.29565774421802
85468,138.59131548843604
85625,-1
85625,-1
85625,138.59131548843604
85625,69.29565774421802
85781,-1
85781,-1
85781,69.29565774421802
85781,138.59131548843604
85937,-1
85937,-1
85937,82.4068892282175
85937,164.813778456435
86093,-1
86093,-1
86093,184.9972113558172
86093,92.4986056779086
86250,-1
86250,-1
86250,103.82617439498628
86250,207.65234878997256
86406,-1
86406,-1
86562,138.59131548843604
86562,69.29565774421802
86718,-1
86718,-1
86875,82.4068892282175
86875,164.813778456435
87031,-1
87031,-1
87187,184.9972113558172
87187,92.4986056779086
87343,-1
87343,-1
87500,92.4986056779086
87500,184.9972113558172
87656,-1
87656,-1
88437,164.813778456435
88437,82.4068892282175
88593,-1
88593,-1
88593,92.4986056779086
88593,184.9972113558172
88750,-1
88750,-1
88750,207.65234878997256
88750,103.82617439498628
89062,-1
89062,-1
89062,92.4986056779086
89062,184.9972113558172
89218,-1
89218,-1
89218,82.4068892282175
89218,164.813778456435
89375,-1
89375,-1
89375,164.813778456435
89375,82.4068892282175
89531,-1
89531,-1
89687,92.4986056779086
89687,184.9972113558172
89843,-1
89843,-1
90000,138.59131548843604
90000,69.29565774421802
90156,-1
90156,-1
90156,164.813778456435
90312,-1
90468,164.813778456435
90625,-1
90781,164.813778456435
90937,-1
90937,164.813778456435
91093,-1
91093,164.813778456435
91250,-1
91250,164.813778456435
91406,-1
91406,164.813778456435
91562,-1
91562,164.813778456435
91718,-1
91718,164.813778456435
91875,-1
92031,164.813778456435
92187,-1
92187,164.813778456435
92343,-1
92343,164.813778456435
92500,-1
92500,164.813778456435
92656,-1
92812,164.813778456435
92968,-1
93125,184.9972113558172
93281,-1
93281,207.65234878997256
93437,-1
93593,207.65234878997256
93750,-1
94687,207.65234878997256
94843,-1
94843,207.65234878997256
95000,-1
95000,246.94165062806212
95156,-1
95156,207.65234878997256
95312,-1
95312,184.9972113558172
95468,-1
95468,184.9972113558172
95625,-1
95781,184.9972113558172
95937,-1
95937,184.9972113558172
96093,-1
96093,184.9972113558172
96250,-1
96250,184.9972113558172
96406,-1
96406,184.9972113558172
96562,-1
96562,184.9972113558172
96718,-1
96718,184.9972113558172
96875,-1
97031,184.9972113558172
97187,-1
97187,184.9972113558172
97343,-1
97343,184.9972113558172
97500,-1
97500,184.9972113558172
97656,-1
97812,184.9972113558172
97968,-1
97968,184.9972113558172
98125,-1
98125,184.9972113558172
98281,-1
98281,164.813778456435
98437,-1
98437,164.813778456435
98593,-1
98593,164.813778456435
98750,-1
99531,207.65234878997256
99687,-1
99687,207.65234878997256
99843,-1
99843,207.65234878997256
100000,-1
100000,246.94165062806212
100156,-1
100156,277.1826309768721
100312,-1
100312,277.1826309768721
100468,-1
100468,277.1826309768721
100625,-1
100625,277.1826309768721
100781,-1
100781,207.65234878997256
100937,-1
100937,207.65234878997256
101093,-1
101093,184.9972113558172
101250,-1
101250,184.9972113558172
101406,-1
101406,184.9972113558172
101562,-1
101562,184.9972113558172
101718,-1
101718,184.9972113558172
101875,-1
101875,184.9972113558172
102031,-1
102031,184.9972113558172
102187,-1
102187,184.9972113558172
102343,-1
102343,184.9972113558172
102500,-1
102500,184.9972113558172
102656,-1
102656,184.9972113558172
102812,-1
102812,184.9972113558172
102968,-1
103125,184.9972113558172
103281,-1
103281,184.9972113558172
103437,-1
103437,164.813778456435
103593,-1
103593,207.65234878997256
103750,-1
104531,164.813778456435
104687,-1
104687,164.813778456435
104843,-1
104843,164.813778456435
105000,-1
105000,164.813778456435
105156,-1
105156,164.813778456435
105312,-1
105312,164.813778456435
105468,-1
105468,207.65234878997256
105625,-1
105781,207.65234878997256
105937,-1
106250,164.813778456435
106406,-1
106406,164.813778456435
106562,-1
106562,164.813778456435
106718,-1
106718,207.65234878997256
106875,-1
107031,207.65234878997256
107187,-1
107187,207.65234878997256
107343,-1
107343,207.65234878997256
107500,-1
107500,184.9972113558172
107656,-1
107656,184.9972113558172
107812,-1
107812,184.9972113558172
107968,-1
107968,184.9972113558172
108125,-1
108125,184.9972113558172
108281,-1
108281,184.9972113558172
108437,-1
108437,164.813778456435
108593,-1
108593,138.59131548843604
108750,-1
108906,103.82617439498628
109062,-1
109062,103.82617439498628
109218,-1
109375,123.470825314031
109531,-1
109531,138.59131548843604
109687,-1
109687,138.59131548843604
109843,-1
110000,138.59131548843604
110312,-1
110312,138.59131548843604
110625,-1
110625,138.59131548843604
110937,-1
110937,123.470825314031
111250,-1
111250,138.59131548843604
111562,-1
111562,207.65234878997256
111875,-1
111875,184.9972113558172
112187,-1
112500,184.9972113558172
112656,-1
112656,184.9972113558172
112812,-1
112968,207.65234878997256
113125,-1
113125,184.9972113558172
113281,-1
113437,164.813778456435
113593,-1
113750,138.59131548843604
113906,-1
114062,164.813778456435
114218,-1
114375,207.65234878997256
114531,-1
114531,184.9972113558172
114687,-1
114687,164.813778456435
114843,-1
114843,184.9972113558172
115000,-1
115000,138.59131548843604
115312,-1
115625,246.94165062806212
115781,-1
115781,207.65234878997256
115937,-1
115937,184.9972113558172
116093,-1
116093,207.65234878997256
116250,-1
116250,184.9972113558172
116406,-1
116406,184.9972113558172
116562,-1
116562,164.813778456435
116718,-1
116875,138.59131548843604
117031,-1
117500,184.9972113558172
117656,-1
117656,184.9972113558172
117812,-1
117968,207.65234878997256
118125,-1
118125,184.9972113558172
118281,-1
118437,164.813778456435
118593,-1
118750,184.9972113558172
118906,-1
119062,164.813778456435
119218,-1
119375,138.59131548843604
119531,-1
119687,123.470825314031
119843,-1
120000,138.59131548843604
120312,-1
120625,138.59131548843604
120937,-1
120937,123.470825314031
121250,-1
121250,138.59131548843604
121562,-1
121562,207.65234878997256
121875,-1
121875,184.9972113558172
122187,-1
122500,184.9972113558172
122656,-1
122656,184.9972113558172
122812,-1
122968,207.65234878997256
123125,-1
123125,184.9972113558172
123281,-1
123437,164.813778456435
123593,-1
123750,138.59131548843604
123906,-1
124062,164.813778456435
124218,-1
124375,207.65234878997256
124531,-1
124531,184.9972113558172
124687,-1
124687,164.813778456435
124843,-1
124843,184.9972113558172
125000,-1
125000,138.59131548843604
125312,-1
125625,246.94165062806212
125781,-1
125781,207.65234878997256
125937,-1
125937,184.9972113558172
126093,-1
126093,207.65234878997256
126250,-1
126250,184.9972113558172
126406,-1
126406,184.9972113558172
126562,-1
126562,164.813778456435
126718,-1
126875,138.59131548843604
127031,-1
127187,138.59131548843604
127343,-1
127500,246.94165062806212
127656,-1
127656,207.65234878997256
127812,-1
127812,184.9972113558172
127968,-1
127968,207.65234878997256
128125,-1
128125,184.9972113558172
128281,-1
128281,184.9972113558172
128437,-1
128437,164.813778456435
128593,-1
128750,138.59131548843604
129062,-1
129062,103.82617439498628
129375,-1
129375,123.470825314031
129687,-1
129687,138.59131548843604
130000,-1
130937,164.813778456435
131093,-1
131093,184.9972113558172
131250,-1
131250,184.9972113558172
131406,-1
131406,207.65234878997256
131562,-1
131562,184.9972113558172
131718,-1
131718,164.813778456435
131875,-1
131875,164.813778456435
132031,-1
132187,184.9972113558172
132343,-1
132500,184.9972113558172
132656,-1
133281,184.9972113558172
133437,-1
133437,164.813778456435
133593,-1
133593,184.9972113558172
133750,-1
133750,184.9972113558172
133906,-1
133906,207.65234878997256
134062,-1
134062,184.9972113558172
134218,-1
134218,164.813778456435
134375,-1
134375,164.813778456435
134531,-1
134687,184.9972113558172
134843,-1
135000,138.59131548843604
135156,-1
135937,164.813778456435
136093,-1
136093,184.9972113558172
136250,-1
136250,184.9972113558172
136406,-1
136406,207.65234878997256
136562,-1
136562,184.9972113558172
136718,-1
136718,164.813778456435
136875,-1
136875,164.813778456435
137031,-1
137187,184.9972113558172
137343,-1
137500,184.9972113558172
137656,-1
138437,164.813778456435
138593,-1
138593,184.9972113558172
138750,-1
138750,207.65234878997256
139062,-1
139062,184.9972113558172
139218,-1
139218,164.813778456435
139375,-1
139375,184.9972113558172
139843,-1
139843,138.59131548843604
140000,-1
140937,164.813778456435
141093,-1
141093,184.9972113558172
141250,-1
141250,184.9972113558172
141406,-1
141406,207.65234878997256
141562,-1
141562,246.94165062806212
141718,-1
141718,207.65234878997256
141875,-1
141875,184.9972113558172
142031,-1
142187,164.813778456435
142343,-1
142500,184.9972113558172
142656,-1
143281,184.9972113558172
143437,-1
143437,164.813778456435
143593,-1
143593,184.9972113558172
143750,-1
143750,184.9972113558172
143906,-1
143906,207.65234878997256
144062,-1
144062,184.9972113558172
144218,-1
144218,164.813778456435
144375,-1
144375,164.813778456435
144531,-1
144687,184.9972113558172
144843,-1
145000,138.59131548843604
145156,-1
145312,138.59131548843604
145468,-1
145468,138.59131548843604
145625,-1
145625,138.59131548843604
145781,-1
145781,138.59131548843604
145937,-1
145937,164.813778456435
146093,-1
146093,184.9972113558172
146250,-1
146250,207.65234878997256
146406,-1
146562,138.59131548843604
146718,-1
146875,164.813778456435
147031,-1
147187,184.9972113558172
147343,-1
147500,184.9972113558172
147656,-1
148437,164.813778456435
148593,-1
148593,184.9972113558172
148750,-1
148750,207.65234878997256
149062,-1
149062,184.9972113558172
149218,-1
149218,164.813778456435
149375,-1
149375,184.9972113558172
149843,-1
149843,138.59131548843604
150000,-1
150000,69.29565774421802
150000,138.59131548843604
150312,-1
150312,-1
150312,138.59131548843604
150312,69.29565774421802
150625,-1
150625,-1
150625,82.4068892282175
150625,164.813778456435
150937,-1
150937,-1
150937,164.813778456435
150937,82.4068892282175
151250,-1
151250,-1
151250,92.4986056779086
151250,184.9972113558172
151562,-1
151562,-1
151562,92.4986056779086
151562,184.9972113558172
151875,-1
151875,-1
151875,207.65234878997256
151875,103.82617439498628
152187,-1
152187,-1
152187,103.82617439498628
152187,207.65234878997256
152500,-1
152500,-1
153437,164.813778456435
153437,82.4068892282175
153593,-1
153593,-1
153593,92.4986056779086
153593,184.9972113558172
153750,-1
153750,-1
153750,207.65234878997256
153750,103.82617439498628
154062,-1
154062,-1
154062,92.4986056779086
154062,184.9972113558172
154218,-1
154218,-1
154218,164.813778456435
154218,82.4068892282175
154375,-1
154375,-1
154375,92.4986056779086
154375,184.9972113558172
154843,-1
154843,-1
154843,138.59131548843604
154843,69.29565774421802
155000,-1
155000,-1
155000,69.29565774421802
155000,138.59131548843604
155312,-1
155312,-1
155312,69.29565774421802
155312,138.59131548843604
155625,-1
155625,-1
155625,164.813778456435
155625,82.4068892282175
155937,-1
155937,-1
155937,82.4068892282175
155937,164.813778456435
156250,-1
156250,-1
156250,184.9972113558172
156250,92.4986056779086
156562,-1
156562,-1
156562,92.4986056779086
156562,184.9972113558172
156875,-1
156875,-1
156875,207.65234878997256
156875,103.82617439498628
157187,-1
157187,-1
157187,103.82617439498628
157187,207.65234878997256
157500,-1
157500,-1
158437,164.813778456435
158437,82.4068892282175
158593,-1
158593,-1
158593,92.4986056779086
158593,184.9972113558172
158750,-1
158750,-1
158750,207.65234878997256
158750,103.82617439498628
159062,-1
159062,-1
159062,92.4986056779086
159062,184.9972113558172
159218,-1
159218,-1
159218,82.4068892282175
159218,164.813778456435
159375,-1
159375,-1
159375,184.9972113558172
159375,92.4986056779086
159843,-1
159843,-1
159843,69.29565774421802
159843,138.59131548843604
160000,-1
160000,-1
160000,138.59131548843604
160000,69.29565774421802
160312,-1
160312,-1
160312,69.29565774421802
160312,138.59131548843604
160625,-1
160625,-1
160625,164.813778456435
160625,82.4068892282175
160937,-1
160937,-1
160937,82.4068892282175
160937,164.813778456435
161250,-1
161250,-1
161250,184.9972113558172
161250,92.4986056779086
161562,-1
161562,-1
161562,92.4986056779086
161562,184.9972113558172
161875,-1
161875,-1
161875,207.65234878997256
161875,103.82617439498628
162187,-1
162187,-1
162187,103.82617439498628
162187,207.65234878997256
162500,-1
162500,-1
163437,82.4068892282175
163437,164.813778456435
163593,-1
163593,-1
163593,184.9972113558172
163593,92.4986056779086
163750,-1
163750,-1
163750,103.82617439498628
163750,207.65234878997256
164062,-1
164062,-1
164062,184.9972113558172
164062,92.4986056779086
164218,-1
164218,-1
164218,82.4068892282175
164218,164.813778456435
164375,-1
164375,-1
164375,184.9972113558172
164375,92.4986056779086
164843,-1
164843,-1
164843,69.29565774421802
164843,138.59131548843604
165000,-1
165000,-1
165312,138.59131548843604
165312,69.29565774421802
165468,-1
165468,-1
165468,69.29565774421802
165468,138.59131548843604
165625,-1
165625,-1
165625,138.59131548843604
165625,69.29565774421802
165781,-1
165781,-1
165781,69.29565774421802
165781,138.59131548843604
165937,-1
165937,-1
165937,82.4068892282175
165937,164.813778456435
166093,-1
166093,-1
166093,184.9972113558172
166093,92.4986056779086
166250,-1
166250,-1
166250,103.82617439498628
166250,207.65234878997256
166406,-1
166406,-1
166562,138.59131548843604
166562,69.29565774421802
166718,-1
166718,-1
166875,82.4068892282175
166875,164.813778456435
167031,-1
167031,-1
167187,184.9972113558172
167187,92.4986056779086
167343,-1
167343,-1
167500,92.4986056779086
167500,184.9972113558172
167656,-1
167656,-1
168437,164.813778456435
168437,82.4068892282175
168593,-1
168593,-1
168593,92.4986056779086
168593,184.9972113558172
168750,-1
168750,-1
168750,207.65234878997256
168750,103.82617439498628
169062,-1
169062,-1
169062,92.4986056779086
169062,184.9972113558172
169218,-1
169218,-1
169218,82.4068892282175
169218,164.813778456435
169375,-1
169375,-1
169375,164.813778456435
169375,82.4068892282175
169531,-1
169531,-1
169687,92.4986056779086
169687,184.9972113558172
169843,-1
169843,-1
170000,138.59131548843604
170000,69.29565774421802
170156,-1
170156,-1
170312,207.65234878997256
170468,-1
170468,207.65234878997256
170625,-1
170781,184.9972113558172
170937,-1
171093,164.813778456435
171250,-1
171250,184.9972113558172
171562,-1
171562,207.65234878997256
171875,-1
171875,138.59131548843604
172187,-1
172187,138.59131548843604
172500,-1
172812,207.65234878997256
172968,-1
172968,207.65234878997256
173125,-1
173281,184.9972113558172
173437,-1
173593,164.813778456435
173750,-1
173750,184.9972113558172
174062,-1
174062,164.813778456435
174375,-1
174375,138.59131548843604
174687,-1
174687,138.59131548843604
175000,-1
175312,207.65234878997256
175468,-1
175468,207.65234878997256
175625,-1
175781,184.9972113558172
175937,-1
176093,164.813778456435
176250,-1
176250,184.9972113558172
176562,-1
176562,207.65234878997256
176875,-1
176875,138.59131548843604
177187,-1
177187,138.59131548843604
177500,-1
177812,207.65234878997256
177968,-1
177968,207.65234878997256
178125,-1
178281,184.9972113558172
178437,-1
178593,164.813778456435
178750,-1
178750,184.9972113558172
179062,-1
179062,164.813778456435
179375,-1
179375,138.59131548843604
179687,-1
179687,138.59131548843604
180000,-1
180312,207.65234878997256
180468,-1
180468,207.65234878997256
180625,-1
180781,184.9972113558172
180937,-1
181093,164.813778456435
181250,-1
181250,184.9972113558172
181562,-1
181562,207.65234878997256
181875,-1
181875,138.59131548843604
182187,-1
182187,138.59131548843604
182500,-1
182812,207.65234878997256
182968,-1
182968,207.65234878997256
183125,-1
183281,184.9972113558172
183437,-1
183593,164.813778456435
183750,-1
183750,184.9972113558172
184062,-1
184062,164.813778456435
184375,-1
184375,138.59131548843604
184687,-1
184687,138.59131548843604
185000,-1
185312,207.65234878997256
185468,-1
185468,207.65234878997256
185625,-1
185781,184.9972113558172
185937,-1
186093,164.813778456435
186250,-1
186250,184.9972113558172
186562,-1
186562,207.65234878997256
186875,-1
186875,138.59131548843604
187187,-1
187187,138.59131548843604
187500,-1
187812,207.65234878997256
187968,-1
187968,207.65234878997256
188125,-1
188281,184.9972113558172
188437,-1
188593,164.813778456435
188750,-1
188750,184.9972113558172
189062,-1
189062,164.813778456435
189375,-1
189375,138.59131548843604
189687,-1
189687,138.59131548843604
190000,-1
190937,164.813778456435
191093,-1
191093,184.9972113558172
191250,-1
191250,184.9972113558172
191406,-1
191406,207.65234878997256
191562,-1
191562,184.9972113558172
191718,-1
191718,164.813778456435
191875,-1
191875,164.813778456435
192031,-1
192187,184.9972113558172
192343,-1
192500,184.9972113558172
192656,-1
193281,184.9972113558172
193437,-1
193437,164.813778456435
193593,-1
193593,184.9972113558172
193750,-1
193750,184.9972113558172
193906,-1
193906,207.65234878997256
194062,-1
194062,184.9972113558172
194218,-1
194218,164.813778456435
194375,-1
194375,164.813778456435
194531,-1
194687,184.9972113558172
194843,-1
195000,138.59131548843604
195156,-1
195937,164.813778456435
196093,-1
196093,184.9972113558172
196250,-1
196250,184.9972113558172
196406,-1
196406,207.65234878997256
196562,-1
196562,184.9972113558172
196718,-1
196718,164.813778456435
196875,-1
196875,164.813778456435
197031,-1
197187,184.9972113558172
197343,-1
197500,184.9972113558172
197656,-1
198437,164.813778456435
198593,-1
198593,184.9972113558172
198750,-1
198750,207.65234878997256
199062,-1
199062,184.9972113558172
199218,-1
199218,164.813778456435
199375,-1
199375,184.9972113558172
199843,-1
199843,138.59131548843604
200000,-1
200937,164.813778456435
201093,-1
201093,184.9972113558172
201250,-1
201250,184.9972113558172
201406,-1
201406,207.65234878997256
201562,-1
201562,246.94165062806212
201718,-1
201718,207.65234878997256
201875,-1
201875,184.9972113558172
202031,-1
202187,164.813778456435
202343,-1
202500,184.9972113558172
202656,-1
203281,184.9972113558172
203437,-1
203437,164.813778456435
203593,-1
203593,184.9972113558172
203750,-1
203750,184.9972113558172
203906,-1
203906,207.65234878997256
204062,-1
204062,184.9972113558172
204218,-1
204218,164.813778456435
204375,-1
204375,164.813778456435
204531,-1
204687,184.9972113558172
204843,-1
205000,138.59131548843604
205156,-1
205312,138.59131548843604
205468,-1
205468,138.59131548843604
205625,-1
205625,138.59131548843604
205781,-1
205781,138.59131548843604
205937,-1
205937,164.813778456435
206093,-1
206093,184.9972113558172
206250,-1
206250,207.65234878997256
206406,-1
206562,138.59131548843604
206718,-1
206875,164.813778456435
207031,-1
207187,184.9972113558172
207343,-1
207500,184.9972113558172
207656,-1
208437,164.813778456435
208593,-1
208593,184.9972113558172
208750,-1
208750,207.65234878997256
209062,-1
209062,184.9972113558172
209218,-1
209218,164.813778456435
209375,-1
209375,184.9972113558172
209843,-1
209843,138.59131548843604
210000,-1
210000,138.59131548843604
210156,-1
210312,207.65234878997256
210468,-1
210468,207.65234878997256
210625,-1
210781,184.9972113558172
210937,-1
211093,164.813778456435
211250,-1
211250,184.9972113558172
211562,-1
211562,207.65234878997256
211875,-1
211875,138.59131548843604
212187,-1
212187,138.59131548843604
212500,-1
212812,207.65234878997256
212968,-1
212968,207.65234878997256
213125,-1
213281,184.9972113558172
213437,-1
213593,164.813778456435
213750,-1
213750,184.9972113558172
214062,-1
214062,164.813778456435
214375,-1
214375,138.59131548843604
214687,-1
214687,138.59131548843604
215000,-1
215312,207.65234878997256
215468,-1
215468,207.65234878997256
215625,-1
215781,184.9972113558172
215937,-1
216093,164.813778456435
216250,-1
216250,184.9972113558172
216562,-1
216562,207.65234878997256
216875,-1
216875,138.59131548843604
217187,-1
217187,138.59131548843604
217500,-1
217812,207.65234878997256
217968,-1
217968,207.65234878997256
218125,-1
218281,184.9972113558172
218437,-1
218593,164.813778456435
218750,-1
218750,184.9972113558172
219062,-1
219062,164.813778456435
219375,-1
219375,138.59131548843604
219687,-1
219687,138.59131548843604
220000,-1
220312,207.65234878997256
220468,-1
220468,207.65234878997256
220625,-1
220781,184.9972113558172
220937,-1
221093,164.813778456435
221250,-1
221250,277.1826309768721
221250,184.9972113558172
221562,-1
221562,207.65234878997256
221875,-1
221875,138.59131548843604
222187,-1
222187,-1
222187,246.94165062806212
222187,138.59131548843604
222343,-1
222343,207.65234878997256
222500,-1
222500,-1
222812,207.65234878997256
222968,-1
222968,207.65234878997256
223125,-1
223281,184.9972113558172
223437,-1
223593,164.813778456435
223750,-1
223750,184.9972113558172
224062,-1
224062,164.813778456435
224375,-1
224375,138.59131548843604
224687,-1
224687,138.59131548843604
225000,-1
225312,207.65234878997256
225468,-1
225468,207.65234878997256
225625,-1
225781,184.9972113558172
225937,-1
226093,164.813778456435
226250,-1
226250,184.9972113558172
226562,-1
226562,207.65234878997256
226875,-1
226875,138.59131548843604
227187,-1
227187,138.59131548843604
227500,-1
227812,207.65234878997256
227968,-1
227968,207.65234878997256
228125,-1
228281,184.9972113558172
228437,-1
228437,164.813778456435
228593,-1
228593,184.9972113558172
228750,-1
228750,184.9972113558172
228906,-1
228906,207.65234878997256
229062,-1
229062,184.9972113558172
229218,-1
229218,164.813778456435
229375,-1
229375,164.813778456435
229531,-1
229687,184.9972113558172
229843,-1
230000,138.59131548843604
230156,-1