130000,415.3046975799452
130156,-1
130156,415.3046975799452
130312,-1
130312,415.3046975799452
130468,-1
130468,415.3046975799452
130625,-1
130625,415.3046975799452
130781,-1
130781,415.3046975799452
130937,-1
130937,415.3046975799452
131093,-1
131093,415.3046975799452
131250,-1
131250,369.9944227116344
131406,-1
131406,369.9944227116344
131562,-1
131562,369.9944227116344
131718,-1
131718,369.9944227116344
131875,-1
131875,369.9944227116344
132031,-1
132031,369.9944227116344
132187,-1
132187,369.9944227116344
132343,-1
132343,369.9944227116344
132500,-1
132500,369.9944227116344
132656,-1
132656,369.9944227116344
132812,-1
132812,369.9944227116344
132968,-1
132968,369.9944227116344
133125,-1
133125,369.9944227116344
133281,-1
133281,369.9944227116344
133437,-1
133437,369.9944227116344
133593,-1
133593,369.9944227116344
133750,-1
133750,329.62755691286986
133906,-1
133906,329.62755691286986
134062,-1
134062,329.62755691286986
134218,-1
134218,329.62755691286986
134375,-1
134375,277.1826309768721
134531,-1
134531,277.1826309768721
134687,-1
134687,277.1826309768721
134843,-1
134843,277.1826309768721
135000,-1
135000,415.3046975799452
135156,-1
135156,415.3046975799452
135312,-1
135312,415.3046975799452
135468,-1
135468,415.3046975799452
135625,-1
135625,415.3046975799452
135781,-1
135781,415.3046975799452
135937,-1
135937,415.3046975799452
136093,-1
136093,415.3046975799452
136250,-1
136250,369.9944227116344
136406,-1
136406,369.9944227116344
136562,-1
136562,369.9944227116344
136718,-1
136718,369.9944227116344
136875,-1
136875,369.9944227116344
137031,-1
137031,369.9944227116344
137187,-1
137187,369.9944227116344
137343,-1
137343,369.9944227116344
137500,-1
137500,369.9944227116344
137656,-1
137656,369.9944227116344
137812,-1
137812,369.9944227116344
137968,-1
137968,369.9944227116344
138125,-1
138125,369.9944227116344
138281,-1
138281,369.9944227116344
138437,-1
138437,369.9944227116344
138593,-1
138593,369.9944227116344
138750,-1
138750,329.62755691286986
138906,-1
138906,329.62755691286986
139062,-1
139062,329.62755691286986
139218,-1
139218,329.62755691286986
139375,-1
139375,277.1826309768721
139531,-1
139531,277.1826309768721
139687,-1
139687,277.1826309768721
139843,-1
139843,277.1826309768721
140000,-1
140000,415.3046975799452
140156,-1
140156,415.3046975799452
140312,-1
140312,415.3046975799452
140468,-1
140468,415.3046975799452
140625,-1
140625,415.3046975799452
140781,-1
140781,415.3046975799452
140937,-1
140937,415.3046975799452
141093,-1
141093,415.3046975799452
141250,-1
141250,369.9944227116344
141406,-1
141406,369.9944227116344
141562,-1
141562,369.9944227116344
141718,-1
141718,369.9944227116344
141875,-1
141875,369.9944227116344
142031,-1
142031,369.9944227116344
142187,-1
142187,369.9944227116344
142343,-1
142343,369.9944227116344
142500,-1
142500,369.9944227116344
142656,-1
142656,369.9944227116344
142812,-1
142812,369.9944227116344
142968,-1
142968,369.9944227116344
143125,-1
143125,369.9944227116344
143281,-1
143281,369.9944227116344
143437,-1
143437,369.9944227116344
143593,-1
143593,369.9944227116344
143750,-1
143750,329.62755691286986
143906,-1
143906,329.62755691286986
144062,-1
144062,329.62755691286986
144218,-1
144218,329.62755691286986
144375,-1
144375,277.1826309768721
144531,-1
144531,277.1826309768721
144687,-1
144687,277.1826309768721
144843,-1
144843,277.1826309768721
145000,-1
145000,415.3046975799452
145156,-1
145156,415.3046975799452
145312,-1
145312,415.3046975799452
145468,-1
145468,415.3046975799452
145625,-1
145625,415.3046975799452
145781,-1
145781,415.3046975799452
145937,-1
145937,415.3046975799452
146093,-1
146093,415.3046975799452
146250,-1
146250,369.9944227116344
146406,-1
146406,369.9944227116344
146562,-1
146562,369.9944227116344
146718,-1
146718,369.9944227116344
146875,-1
146875,369.9944227116344
147031,-1
147031,369.9944227116344
147187,-1
147187,369.9944227116344
147343,-1
147343,369.9944227116344
147500,-1
147500,369.9944227116344
147656,-1
147656,369.9944227116344
147812,-1
147812,369.9944227116344
147968,-1
147968,369.9944227116344
148125,-1
148125,369.9944227116344
148281,-1
148281,369.9944227116344
148437,-1
148437,369.9944227116344
148593,-1
148593,369.9944227116344
148750,-1
148750,329.62755691286986
148906,-1
148906,329.62755691286986
149062,-1
149062,329.62755691286986
149218,-1
149218,329.62755691286986
149375,-1
149375,277.1826309768721
149531,-1
149531,277.1826309768721
149687,-1
149687,277.1826309768721
149843,-1
149843,277.1826309768721
150000,-1
150000,415.3046975799452
150156,-1
150156,415.3046975799452
150312,-1
150312,415.3046975799452
150468,-1
150468,415.3046975799452
150625,-1
150625,415.3046975799452
150781,-1
150781,415.3046975799452
150937,-1
150937,415.3046975799452
151093,-1
151093,415.3046975799452
151250,-1
151250,369.9944227116344
151406,-1
151406,369.9944227116344
151562,-1
151562,369.9944227116344
151718,-1
151718,369.9944227116344
151875,-1
151875,369.9944227116344
152031,-1
152031,369.9944227116344
152187,-1
152187,369.9944227116344
152343,-1
152343,369.9944227116344
152500,-1
152500,369.9944227116344
152656,-1
152656,369.9944227116344
152812,-1
152812,369.9944227116344
152968,-1
152968,369.9944227116344
153125,-1
153125,369.9944227116344
153281,-1
153281,369.9944227116344
153437,-1
153437,369.9944227116344
153593,-1
153593,369.9944227116344
153750,-1
153750,329.62755691286986
153906,-1
153906,329.62755691286986
154062,-1
154062,329.62755691286986
154218,-1
154218,329.62755691286986
154375,-1
154375,277.1826309768721
154531,-1
154531,277.1826309768721
154687,-1
154687,277.1826309768721
154843,-1
154843,277.1826309768721
155000,-1
155000,415.3046975799452
155156,-1
155156,415.3046975799452
155312,-1
155312,415.3046975799452
155468,-1
155468,415.3046975799452
155625,-1
155625,415.3046975799452
155781,-1
155781,415.3046975799452
155937,-1
155937,415.3046975799452
156093,-1
156093,415.3046975799452
156250,-1
156250,369.9944227116344
156406,-1
156406,369.9944227116344
156562,-1
156562,369.9944227116344
156718,-1
156718,369.9944227116344
156875,-1
156875,369.9944227116344
157031,-1
157031,369.9944227116344
157187,-1
157187,369.9944227116344
157343,-1
157343,369.9944227116344
157500,-1
157500,369.9944227116344
157656,-1
157656,369.9944227116344
157812,-1
157812,369.9944227116344
157968,-1
157968,369.9944227116344
158125,-1
158125,369.9944227116344
158281,-1
158281,369.9944227116344
158437,-1
158437,369.9944227116344
158593,-1
158593,369.9944227116344
158750,-1
158750,329.62755691286986
158906,-1
158906,329.62755691286986
159062,-1
159062,329.62755691286986
159218,-1
159218,329.62755691286986
159375,-1
159375,277.1826309768721
159531,-1
159531,277.1826309768721
159687,-1
159687,277.1826309768721
159843,-1
159843,277.1826309768721
160000,-1
160000,415.3046975799452
160156,-1
160156,415.3046975799452
160312,-1
160312,415.3046975799452
160468,-1
160468,415.3046975799452
160625,-1
160625,415.3046975799452
160781,-1
160781,415.3046975799452
160937,-1
160937,415.3046975799452
161093,-1
161093,415.3046975799452
161250,-1
161250,369.9944227116344
161406,-1
161406,369.9944227116344
161562,-1
161562,369.9944227116344
161718,-1
161718,369.9944227116344
161875,-1
161875,369.9944227116344
162031,-1
162031,369.9944227116344
162187,-1
162187,369.9944227116344
162343,-1
162343,369.9944227116344
162500,-1
162500,369.9944227116344
162656,-1
162656,369.9944227116344
162812,-1
162812,369.9944227116344
162968,-1
162968,369.9944227116344
163125,-1
163125,369.9944227116344
163281,-1
163281,369.9944227116344
163437,-1
163437,369.9944227116344
163593,-1
163593,369.9944227116344
163750,-1
163750,329.62755691286986
163906,-1
163906,329.62755691286986
164062,-1
164062,329.62755691286986
164218,-1
164218,329.62755691286986
164375,-1
164375,277.1826309768721
164531,-1
164531,277.1826309768721
164687,-1
164687,277.1826309768721
164843,-1
164843,277.1826309768721
165000,-1
165000,415.3046975799452
165156,-1
165156,415.3046975799452
165312,-1
165312,415.3046975799452
165468,-1
165468,415.3046975799452
165625,-1
165625,415.3046975799452
165781,-1
165781,415.3046975799452
165937,-1
165937,415.3046975799452
166093,-1
166093,415.3046975799452
166250,-1
166250,369.9944227116344
166406,-1
166406,369.9944227116344
166562,-1
166562,369.9944227116344
166718,-1
166718,369.9944227116344
166875,-1
166875,369.9944227116344
167031,-1
167031,369.9944227116344
167187,-1
167187,369.9944227116344
167343,-1
167343,369.9944227116344
167500,-1
167500,369.9944227116344
167656,-1
167656,369.9944227116344
167812,-1
167812,369.9944227116344
167968,-1
167968,369.9944227116344
168125,-1
168125,369.9944227116344
168281,-1
168281,369.9944227116344
168437,-1
168437,369.9944227116344
168593,-1
168593,369.9944227116344
168750,-1
168750,329.62755691286986
168906,-1
168906,329.62755691286986
169062,-1
169062,329.62755691286986
169218,-1
169218,329.62755691286986
169375,-1
169375,277.1826309768721
169531,-1
169531,277.1826309768721
169687,-1
169687,277.1826309768721
169843,-1
169843,277.1826309768721
170000,-1
190000,415.3046975799452
190156,-1
190156,415.3046975799452
190312,-1
190312,415.3046975799452
190468,-1
190468,415.3046975799452
190625,-1
190625,415.3046975799452
190781,-1
190781,415.3046975799452
190937,-1
190937,415.3046975799452
191093,-1
191093,415.3046975799452
191250,-1
191250,369.9944227116344
191406,-1
191406,369.9944227116344
191562,-1
191562,369.9944227116344
191718,-1
191718,369.9944227116344
191875,-1
191875,369.9944227116344
192031,-1
192031,369.9944227116344
192187,-1
192187,369.9944227116344
192343,-1
192343,369.9944227116344
192500,-1
192500,369.9944227116344
192656,-1
192656,369.9944227116344
192812,-1
192812,369.9944227116344
192968,-1
192968,369.9944227116344
193125,-1
193125,369.9944227116344
193281,-1
193281,369.9944227116344
193437,-1
193437,369.9944227116344
193593,-1
193593,369.9944227116344
193750,-1
193750,329.62755691286986
193906,-1
193906,329.62755691286986
194062,-1
194062,329.62755691286986
194218,-1
194218,329.62755691286986
194375,-1
194375,277.1826309768721
194531,-1
194531,277.1826309768721
194687,-1
194687,277.1826309768721
194843,-1
194843,277.1826309768721
195000,-1
195000,415.3046975799452
195156,-1
195156,415.3046975799452
195312,-1
195312,415.3046975799452
195468,-1
195468,415.3046975799452
195625,-1
195625,415.3046975799452
195781,-1
195781,415.3046975799452
195937,-1
195937,415.3046975799452
196093,-1
196093,415.3046975799452
196250,-1
196250,369.9944227116344
196406,-1
196406,369.9944227116344
196562,-1
196562,369.9944227116344
196718,-1
196718,369.9944227116344
196875,-1
196875,369.9944227116344
197031,-1
197031,369.9944227116344
197187,-1
197187,369.9944227116344
197343,-1
197343,369.9944227116344
197500,-1
197500,369.9944227116344
197656,-1
197656,369.9944227116344
197812,-1
197812,369.9944227116344
197968,-1
197968,369.9944227116344
198125,-1
198125,369.9944227116344
198281,-1
198281,369.9944227116344
198437,-1
198437,369.9944227116344
198593,-1
198593,369.9944227116344
198750,-1
198750,329.62755691286986
198906,-1
198906,329.62755691286986
199062,-1
199062,329.62755691286986
199218,-1
199218,329.62755691286986
199375,-1
199375,277.1826309768721
199531,-1
199531,277.1826309768721
199687,-1
199687,277.1826309768721
199843,-1
199843,277.1826309768721
200000,-1
200000,415.3046975799452
200156,-1
200156,415.3046975799452
200312,-1
200312,415.3046975799452
200468,-1
200468,415.3046975799452
200625,-1
200625,415.3046975799452
200781,-1
200781,415.3046975799452
200937,-1
200937,415.3046975799452
201093,-1
201093,415.3046975799452
201250,-1
201250,369.9944227116344
201406,-1
201406,369.9944227116344
201562,-1
201562,369.9944227116344
201718,-1
201718,369.9944227116344
201875,-1
201875,369.9944227116344
202031,-1
202031,369.9944227116344
202187,-1
202187,369.9944227116344
202343,-1
202343,369.9944227116344
202500,-1
202500,369.9944227116344
202656,-1
202656,369.9944227116344
202812,-1
202812,369.9944227116344
202968,-1
202968,369.9944227116344
203125,-1
203125,369.9944227116344
203281,-1
203281,369.9944227116344
203437,-1
203437,369.9944227116344
203593,-1
203593,369.9944227116344
203750,-1
203750,329.62755691286986
203906,-1
203906,329.62755691286986
204062,-1
204062,329.62755691286986
204218,-1
204218,329.62755691286986
204375,-1
204375,277.1826309768721
204531,-1
204531,277.1826309768721
204687,-1
204687,277.1826309768721
204843,-1
204843,277.1826309768721
205000,-1
205000,415.3046975799452
205156,-1
205156,415.3046975799452
205312,-1
205312,415.3046975799452
205468,-1
205468,415.3046975799452
205625,-1
205625,415.3046975799452
205781,-1
205781,415.3046975799452
205937,-1
205937,415.3046975799452
206093,-1
206093,415.3046975799452
206250,-1
206250,369.9944227116344
206406,-1
206406,369.9944227116344
206562,-1
206562,369.9944227116344
206718,-1
206718,369.9944227116344
206875,-1
206875,369.9944227116344
207031,-1
207031,369.9944227116344
207187,-1
207187,369.9944227116344
207343,-1
207343,369.9944227116344
207500,-1
207500,369.9944227116344
207656,-1
207656,369.9944227116344
207812,-1
207812,369.9944227116344
207968,-1
207968,369.9944227116344
208125,-1
208125,369.9944227116344
208281,-1
208281,369.9944227116344
208437,-1
208437,369.9944227116344
208593,-1
208593,369.9944227116344
208750,-1
208750,329.62755691286986
208906,-1
208906,329.62755691286986
209062,-1
209062,329.62755691286986
209218,-1
209218,329.62755691286986
209375,-1
209375,277.1826309768721
209531,-1
209531,277.1826309768721
209687,-1
209687,277.1826309768721
209843,-1
209843,277.1826309768721
210000,-1
210000,415.3046975799452
210156,-1
210156,415.3046975799452
210312,-1
210312,415.3046975799452
210468,-1
210468,415.3046975799452
210625,-1
210625,415.3046975799452
210781,-1
210781,415.3046975799452
210937,-1
210937,415.3046975799452
211093,-1
211093,415.3046975799452
211250,-1
211250,369.9944227116344
211406,-1
211406,369.9944227116344
211562,-1
211562,369.9944227116344
211718,-1
211718,369.9944227116344
211875,-1
211875,369.9944227116344
212031,-1
212031,369.9944227116344
212187,-1
212187,369.9944227116344
212343,-1
212343,369.9944227116344
212500,-1
212500,369.9944227116344
212656,-1
212656,369.9944227116344
212812,-1
212812,369.9944227116344
212968,-1
212968,369.9944227116344
213125,-1
213125,369.9944227116344
213281,-1
213281,369.9944227116344
213437,-1
213437,369.9944227116344
213593,-1
213593,369.9944227116344
213750,-1
213750,329.62755691286986
213906,-1
213906,329.62755691286986
214062,-1
214062,329.62755691286986
214218,-1
214218,329.62755691286986
214375,-1
214375,277.1826309768721
214531,-1
214531,277.1826309768721
214687,-1
214687,277.1826309768721
214843,-1
214843,277.1826309768721
215000,-1
215000,415.3046975799452
215156,-1
215156,415.3046975799452
215312,-1
215312,415.3046975799452
215468,-1
215468,415.3046975799452
215625,-1
215625,415.3046975799452
215781,-1
215781,415.3046975799452
215937,-1
215937,415.3046975799452
216093,-1
216093,415.3046975799452
216250,-1
216250,369.9944227116344
216406,-1
216406,369.9944227116344
216562,-1
216562,369.9944227116344
216718,-1
216718,369.9944227116344
216875,-1
216875,369.9944227116344
217031,-1
217031,369.9944227116344
217187,-1
217187,369.9944227116344
217343,-1
217343,369.9944227116344
217500,-1
217500,369.9944227116344
217656,-1
217656,369.9944227116344
217812,-1
217812,369.9944227116344
217968,-1
217968,369.9944227116344
218125,-1
218125,369.9944227116344
218281,-1
218281,369.9944227116344
218437,-1
218437,369.9944227116344
218593,-1
218593,369.9944227116344
218750,-1
218750,329.62755691286986
218906,-1
218906,329.62755691286986
219062,-1
219062,329.62755691286986
219218,-1
219218,329.62755691286986
219375,-1
219375,277.1826309768721
219531,-1
219531,277.1826309768721
219687,-1
219687,277.1826309768721
219843,-1
219843,277.1826309768721
220000,-1
220000,415.3046975799452
220156,-1
220156,415.3046975799452
220312,-1
220312,415.3046975799452
220468,-1
220468,415.3046975799452
220625,-1
220625,415.3046975799452
220781,-1
220781,415.3046975799452
220937,-1
220937,415.3046975799452
221093,-1
221093,415.3046975799452
221250,-1
221250,369.9944227116344
221406,-1
221406,369.9944227116344
221562,-1
221562,369.9944227116344
221718,-1
221718,369.9944227116344
221875,-1
221875,369.9944227116344
222031,-1
222031,369.9944227116344
222187,-1
222187,369.9944227116344
222343,-1
222343,369.9944227116344
222500,-1
222500,369.9944227116344
222656,-1
222656,369.9944227116344
222812,-1
222812,369.9944227116344
222968,-1
222968,369.9944227116344
223125,-1
223125,369.9944227116344
223281,-1
223281,369.9944227116344
223437,-1
223437,369.9944227116344
223593,-1
223593,369.9944227116344
223750,-1
223750,329.62755691286986
223906,-1
223906,329.62755691286986
224062,-1
224062,329.62755691286986
224218,-1
224218,329.62755691286986
224375,-1
224375,277.1826309768721
224531,-1
224531,277.1826309768721
224687,-1
224687,277.1826309768721
224843,-1
224843,277.1826309768721
225000,-1
225000,415.3046975799452
225156,-1
225156,415.3046975799452
225312,-1
225312,415.3046975799452
225468,-1
225468,415.3046975799452
225625,-1
225625,415.3046975799452
225781,-1
225781,415.3046975799452
225937,-1
225937,415.3046975799452
226093,-1
226093,415.3046975799452
226250,-1
226250,369.9944227116344
226406,-1
226406,369.9944227116344
226562,-1
226562,369.9944227116344
226718,-1
226718,369.9944227116344
226875,-1
226875,369.9944227116344
227031,-1
227031,369.9944227116344
227187,-1
227187,369.9944227116344
227343,-1
227343,369.9944227116344
227500,-1
227500,369.9944227116344
227656,-1
227656,369.9944227116344
227812,-1
227812,369.9944227116344
227968,-1
227968,369.9944227116344
228125,-1
228125,369.9944227116344
228281,-1
228281,369.9944227116344
228437,-1
228437,369.9944227116344
228593,-1
228593,369.9944227116344
228750,-1