5000,1244.5079348883237
5000,587.3295358348153
5000,65.40639132514966
5156,-1
5156,-1
5156,-1
5625,277.1826309768721
5781,-1
6250,1244.5079348883237
6250,554.3652619537442
6250,65.40639132514966
6406,-1
6406,-1
6406,-1
6875,277.1826309768721
7031,-1
7500,1244.5079348883237
7500,587.3295358348153
7500,65.40639132514966
7656,-1
7656,-1
7656,-1
8125,277.1826309768721
8281,-1
8750,1244.5079348883237
8750,554.3652619537442
8750,65.40639132514966
8906,-1
8906,-1
8906,-1
9375,277.1826309768721
9531,-1
10000,1244.5079348883237
10000,587.3295358348153
10000,65.40639132514966
10156,-1
10156,-1
10156,-1
10625,277.1826309768721
10781,-1
11250,1244.5079348883237
11250,554.3652619537442
11250,65.40639132514966
11406,-1
11406,-1
11406,-1
11875,277.1826309768721
12031,-1
12500,1244.5079348883237
12500,587.3295358348153
12500,65.40639132514966
12656,-1
12656,-1
12656,-1
13125,277.1826309768721
13281,-1
13750,1244.5079348883237
13750,554.3652619537442
13750,65.40639132514966
13906,-1
13906,-1
13906,-1
14375,277.1826309768721
14531,-1
15000,1244.5079348883237
15000,587.3295358348153
15000,65.40639132514966
15156,-1
15156,-1
15156,-1
15625,277.1826309768721
15781,-1
16250,1244.5079348883237
16250,554.3652619537442
16250,65.40639132514966
16406,-1
16406,-1
16406,-1
16875,277.1826309768721
17031,-1
17500,1244.5079348883237
17500,587.3295358348153
17500,65.40639132514966
17656,-1
17656,-1
17656,-1
18125,277.1826309768721
18281,-1
18750,1244.5079348883237
18750,554.3652619537442
18750,65.40639132514966
18906,-1
18906,-1
18906,-1
19375,277.1826309768721
19531,-1
20000,1244.5079348883237
20000,587.3295358348153
20000,65.40639132514966
20156,-1
20156,-1
20156,-1
20625,277.1826309768721
20781,-1
21250,1244.5079348883237
21250,554.3652619537442
21250,65.40639132514966
21406,-1
21406,-1
21406,-1
21875,277.1826309768721
22031,-1
22500,1244.5079348883237
22500,587.3295358348153
22500,65.40639132514966
22656,-1
22656,-1
22656,-1
23125,277.1826309768721
23281,-1
23750,1244.5079348883237
23750,554.3652619537442
23750,65.40639132514966
23906,-1
23906,-1
23906,-1
24375,277.1826309768721
24531,-1
25000,1244.5079348883237
25000,587.3295358348153
25000,65.40639132514966
25156,-1
25156,-1
25156,-1
25625,277.1826309768721
25781,-1
26250,1244.5079348883237
26250,554.3652619537442
26250,65.40639132514966
26406,-1
26406,-1
26406,-1
26875,277.1826309768721
27031,-1
27500,1244.5079348883237
27500,587.3295358348153
27500,65.40639132514966
27656,-1
27656,-1
27656,-1
28125,277.1826309768721
28281,-1
28750,1244.5079348883237
28750,554.3652619537442
28750,65.40639132514966
28906,-1
28906,-1
28906,-1
29375,277.1826309768721
29531,-1
30000,1244.5079348883237
30000,587.3295358348153
30000,65.40639132514966
30156,-1
30156,-1
30156,-1
30625,277.1826309768721
30781,-1
31250,1244.5079348883237
31250,554.3652619537442
31250,65.40639132514966
31406,-1
31406,-1
31406,-1
31875,277.1826309768721
32031,-1
32500,1244.5079348883237
32500,587.3295358348153
32500,65.40639132514966
32656,-1
32656,-1
32656,-1
33125,277.1826309768721
33281,-1
33750,1244.5079348883237
33750,554.3652619537442
33750,65.40639132514966
33906,-1
33906,-1
33906,-1
34375,277.1826309768721
34531,-1
35000,1244.5079348883237
35000,587.3295358348153
35000,65.40639132514966
35156,-1
35156,-1
35156,-1
35625,277.1826309768721
35781,-1
36250,1244.5079348883237
36250,554.3652619537442
36250,65.40639132514966
36406,-1
36406,-1
36406,-1
36875,277.1826309768721
37031,-1
37500,1244.5079348883237
37500,587.3295358348153
37500,65.40639132514966
37656,-1
37656,-1
37656,-1
38125,277.1826309768721
38281,-1
38750,1244.5079348883237
38750,554.3652619537442
38750,65.40639132514966
38906,-1
38906,-1
38906,-1
39375,277.1826309768721
39531,-1
40000,1244.5079348883237
40000,587.3295358348153
40000,65.40639132514966
40156,-1
40156,-1
40156,-1
40625,277.1826309768721
40781,-1
41250,1244.5079348883237
41250,554.3652619537442
41250,65.40639132514966
41406,-1
41406,-1
41406,-1
41875,277.1826309768721
42031,-1
42500,1244.5079348883237
42500,587.3295358348153
42500,65.40639132514966
42656,-1
42656,-1
42656,-1
43125,277.1826309768721
43281,-1
43750,1244.5079348883237
43750,554.3652619537442
43750,65.40639132514966
43906,-1
43906,-1
43906,-1
44375,277.1826309768721
44531,-1
45000,1244.5079348883237
45000,587.3295358348153
45000,65.40639132514966
45156,-1
45156,-1
45156,-1
45625,277.1826309768721
45781,-1
46250,1244.5079348883237
46250,554.3652619537442
46250,65.40639132514966
46406,-1
46406,-1
46406,-1
46875,277.1826309768721
47031,-1
47500,1244.5079348883237
47500,587.3295358348153
47500,65.40639132514966
47656,-1
47656,-1
47656,-1
50000,1244.5079348883237
50000,587.3295358348153
50000,65.40639132514966
50156,-1
50156,-1
50156,-1
50625,277.1826309768721
50781,-1
51250,1244.5079348883237
51250,554.3652619537442
51250,65.40639132514966
51406,-1
51406,-1
51406,-1
51875,277.1826309768721
52031,-1
52500,1244.5079348883237
52500,587.3295358348153
52500,65.40639132514966
52656,-1
52656,-1
52656,-1
53125,277.1826309768721
53281,-1
53750,1244.5079348883237
53750,554.3652619537442
53750,65.40639132514966
53906,-1
53906,-1
53906,-1
54375,277.1826309768721
54531,-1
55000,1244.5079348883237
55000,587.3295358348153
55000,65.40639132514966
55156,-1
55156,-1
55156,-1
55625,277.1826309768721
55781,-1
56250,1244.5079348883237
56250,554.3652619537442
56250,65.40639132514966
56406,-1
56406,-1
56406,-1
56875,277.1826309768721
57031,-1
57500,1244.5079348883237
57500,587.3295358348153
57500,65.40639132514966
57656,-1
57656,-1
57656,-1
58125,277.1826309768721
58281,-1
58750,1244.5079348883237
58750,554.3652619537442
58750,65.40639132514966
58906,-1
58906,-1
58906,-1
59375,277.1826309768721
59531,-1
60000,1244.5079348883237
60000,587.3295358348153
60000,65.40639132514966
60156,-1
60156,-1
60156,-1
60625,277.1826309768721
60781,-1
61250,1244.5079348883237
61250,554.3652619537442
61250,65.40639132514966
61406,-1
61406,-1
61406,-1
61875,277.1826309768721
62031,-1
62500,1244.5079348883237
62500,587.3295358348153
62500,65.40639132514966
62656,-1
62656,-1
62656,-1
63125,277.1826309768721
63281,-1
63750,1244.5079348883237
63750,554.3652619537442
63750,65.40639132514966
63906,-1
63906,-1
63906,-1
64375,277.1826309768721
64531,-1
65000,1244.5079348883237
65000,587.3295358348153
65000,65.40639132514966
65156,-1
65156,-1
65156,-1
65625,277.1826309768721
65781,-1
66250,1244.5079348883237
66250,554.3652619537442
66250,65.40639132514966
66406,-1
66406,-1
66406,-1
66875,277.1826309768721
67031,-1
67500,1244.5079348883237
67500,587.3295358348153
67500,65.40639132514966
67656,-1
67656,-1
67656,-1
68125,277.1826309768721
68281,-1
68750,1244.5079348883237
68750,554.3652619537442
68750,65.40639132514966
68906,-1
68906,-1
68906,-1
69375,277.1826309768721
69531,-1
70000,77.78174593052023
70000,1244.5079348883237
70000,587.3295358348153
70000,65.40639132514966
70156,-1
70156,-1
70156,-1
70156,-1
70468,77.78174593052023
70468,65.40639132514966
70625,-1
70625,-1
70625,277.1826309768721
70781,-1
70937,77.78174593052023
70937,82.4068892282175
71093,-1
71093,-1
71250,1244.5079348883237
71250,554.3652619537442
71250,65.40639132514966
71250,77.78174593052023
71406,-1
71406,-1
71406,-1
71406,-1
71718,77.78174593052023
71718,65.40639132514966
71875,-1
71875,-1
71875,277.1826309768721
72031,-1
72187,77.78174593052023
72187,82.4068892282175
72343,-1
72343,-1
72500,1244.5079348883237
72500,65.40639132514966
72500,587.3295358348153
72500,77.78174593052023
72656,-1
72656,-1
72656,-1
72656,-1
72968,77.78174593052023
72968,65.40639132514966
73125,-1
73125,-1
73125,277.1826309768721
73281,-1
73437,82.4068892282175
73437,77.78174593052023
73593,-1
73593,-1
73750,554.3652619537442
73750,77.78174593052023
73750,1244.5079348883237
73750,65.40639132514966
73906,-1
73906,-1
73906,-1
73906,-1
74218,77.78174593052023
74218,65.40639132514966
74375,-1
74375,-1
74375,277.1826309768721
74531,-1
74687,82.4068892282175
74687,77.78174593052023
74843,-1
74843,-1
75000,587.3295358348153
75000,65.40639132514966
75000,1244.5079348883237
75000,77.78174593052023
75156,-1
75156,-1
75156,-1
75156,-1
75468,65.40639132514966
75468,77.78174593052023
75625,-1
75625,-1
75625,277.1826309768721
75781,-1
75937,77.78174593052023
75937,82.4068892282175
76093,-1
76093,-1
76250,65.40639132514966
76250,1244.5079348883237
76250,77.78174593052023
76250,554.3652619537442
76406,-1
76406,-1
76406,-1
76406,-1
76718,65.40639132514966
76718,77.78174593052023
76875,-1
76875,-1
76875,277.1826309768721
77031,-1
77187,77.78174593052023
77187,82.4068892282175
77343,-1
77343,-1
77500,1244.5079348883237
77500,587.3295358348153
77500,65.40639132514966
77500,77.78174593052023
77656,-1
77656,-1
77656,-1
77656,-1
77968,65.40639132514966
77968,77.78174593052023
78125,-1
78125,-1
78125,277.1826309768721
78281,-1
78437,77.78174593052023
78437,82.4068892282175
78593,-1
78593,-1
78750,1244.5079348883237
78750,77.78174593052023
78750,65.40639132514966
78750,554.3652619537442
78906,-1
78906,-1
78906,-1
78906,-1
79218,65.40639132514966
79218,77.78174593052023
79375,-1
79375,-1
79375,277.1826309768721
79375,82.4068892282175
79531,-1
79531,-1
79531,82.4068892282175
79687,-1
79687,82.4068892282175
79687,77.78174593052023
79843,-1
79843,-1
79843,82.4068892282175
80000,-1
80000,1244.5079348883237
80000,587.3295358348153
80000,77.78174593052023
80000,65.40639132514966
80156,-1
80156,-1
80156,-1
80156,-1
80468,77.78174593052023
80468,65.40639132514966
80625,-1
80625,-1
80625,277.1826309768721
80781,-1
80937,82.4068892282175
80937,77.78174593052023
81093,-1
81093,-1
81250,77.78174593052023
81250,554.3652619537442
81250,65.40639132514966
81250,1244.5079348883237
81406,-1
81406,-1
81406,-1
81406,-1
81718,77.78174593052023
81718,65.40639132514966
81875,-1
81875,-1
81875,277.1826309768721
82031,-1
82187,82.4068892282175
82187,77.78174593052023
82343,-1
82343,-1
82500,65.40639132514966
82500,587.3295358348153
82500,1244.5079348883237
82500,77.78174593052023
82656,-1
82656,-1
82656,-1
82656,-1
82968,65.40639132514966
82968,77.78174593052023
83125,-1
83125,-1
83125,277.1826309768721
83281,-1
83437,77.78174593052023
83437,82.4068892282175
83593,-1
83593,-1
83750,1244.5079348883237
83750,554.3652619537442
83750,65.40639132514966
83750,77.78174593052023
83906,-1
83906,-1
83906,-1
83906,-1
84218,65.40639132514966
84218,77.78174593052023
84375,-1
84375,-1
84375,277.1826309768721
84531,-1
84687,82.4068892282175
84687,77.78174593052023
84843,-1
84843,-1
85000,65.40639132514966
85000,1244.5079348883237
85000,77.78174593052023
85000,587.3295358348153
85156,-1
85156,-1
85156,-1
85156,-1
85468,77.78174593052023
85468,65.40639132514966
85625,-1
85625,-1
85625,277.1826309768721
85781,-1
85937,82.4068892282175
85937,77.78174593052023
86093,-1
86093,-1
86250,1244.5079348883237
86250,65.40639132514966
86250,554.3652619537442
86250,77.78174593052023
86406,-1
86406,-1
86406,-1
86406,-1
86718,77.78174593052023
86718,65.40639132514966
86875,-1
86875,-1
86875,277.1826309768721
87031,-1
87187,77.78174593052023
87187,82.4068892282175
87343,-1
87343,-1
87500,77.78174593052023
87500,587.3295358348153
87500,1244.5079348883237
87500,65.40639132514966
87656,-1
87656,-1
87656,-1
87656,-1
87968,65.40639132514966
87968,77.78174593052023
88125,-1
88125,-1
88125,277.1826309768721
88281,-1
88437,82.4068892282175
88437,77.78174593052023
88593,-1
88593,-1
88750,554.3652619537442
88750,65.40639132514966
88750,77.78174593052023
88750,1244.5079348883237
88906,-1
88906,-1
88906,-1
88906,-1
89218,77.78174593052023
89218,65.40639132514966
89375,-1
89375,-1
89375,277.1826309768721
89375,82.4068892282175
89531,-1
89531,-1
89531,82.4068892282175
89687,-1
89687,82.4068892282175
89687,77.78174593052023
89843,-1
89843,-1
89843,82.4068892282175
90000,-1
90000,1244.5079348883237
90000,587.3295358348153
90000,65.40639132514966
90156,-1
90156,-1
90156,-1
90625,277.1826309768721
90781,-1
91250,1244.5079348883237
91250,554.3652619537442
91250,65.40639132514966
91406,-1
91406,-1
91406,-1
91875,277.1826309768721
92031,-1
92500,1244.5079348883237
92500,587.3295358348153
92500,65.40639132514966
92656,-1
92656,-1
92656,-1
93125,277.1826309768721
93281,-1
93750,1244.5079348883237
93750,554.3652619537442
93750,65.40639132514966
93906,-1
93906,-1
93906,-1
94375,277.1826309768721
94531,-1
95000,1244.5079348883237
95000,587.3295358348153
95000,65.40639132514966
95156,-1
95156,-1
95156,-1
95625,277.1826309768721
95781,-1
96250,1244.5079348883237
96250,554.3652619537442
96250,65.40639132514966
96406,-1
96406,-1
96406,-1
96875,277.1826309768721
97031,-1
97500,1244.5079348883237
97500,587.3295358348153
97500,65.40639132514966
97656,-1
97656,-1
97656,-1
98125,277.1826309768721
98281,-1
100000,1244.5079348883237
100000,587.3295358348153
100000,65.40639132514966
100156,-1
100156,-1
100156,-1
100625,277.1826309768721
100781,-1
101250,1244.5079348883237
101250,554.3652619537442
101250,65.40639132514966
101406,-1
101406,-1
101406,-1
101875,277.1826309768721
102031,-1
102500,1244.5079348883237
102500,587.3295358348153
102500,65.40639132514966
102656,-1
102656,-1
102656,-1
103125,277.1826309768721
103281,-1
103750,1244.5079348883237
103750,554.3652619537442
103750,65.40639132514966
103906,-1
103906,-1
103906,-1
104375,277.1826309768721
104531,-1
105000,1244.5079348883237
105000,587.3295358348153
105000,65.40639132514966
105156,-1
105156,-1
105156,-1
105625,277.1826309768721
105781,-1
106250,1244.5079348883237
106250,554.3652619537442
106250,65.40639132514966
106406,-1
106406,-1
106406,-1
106875,277.1826309768721
107031,-1
107500,1244.5079348883237
107500,587.3295358348153
107500,65.40639132514966
107656,-1
107656,-1
107656,-1
108125,277.1826309768721
108281,-1
108750,1244.5079348883237
108750,554.3652619537442
108750,65.40639132514966
108906,-1
108906,-1
108906,-1
109375,277.1826309768721
109531,-1
110000,1244.5079348883237
110000,587.3295358348153
110000,65.40639132514966
110000,77.78174593052023
110156,-1
110156,-1
110156,-1
110156,-1
110468,77.78174593052023
110625,-1
110625,277.1826309768721
110781,-1
110937,77.78174593052023
111093,-1
111250,77.78174593052023
111250,1244.5079348883237
111250,554.3652619537442
111250,65.40639132514966
111406,-1
111406,-1
111406,-1
111406,-1
111718,77.78174593052023
111875,-1
111875,277.1826309768721
112031,-1
112187,77.78174593052023
112343,-1
112500,65.40639132514966
112500,587.3295358348153
112500,1244.5079348883237
112500,77.78174593052023
112656,-1
112656,-1
112656,-1
112656,-1
112968,77.78174593052023
113125,-1
113125,277.1826309768721
113281,-1
113437,77.78174593052023
113593,-1
113750,554.3652619537442
113750,77.78174593052023
113750,65.40639132514966
113750,1244.5079348883237
113906,-1
113906,-1
113906,-1
113906,-1
114218,77.78174593052023
114375,-1
114375,277.1826309768721
114531,-1
114687,77.78174593052023
114843,-1
115000,65.40639132514966
115000,587.3295358348153
115000,1244.5079348883237
115000,77.78174593052023
115156,-1
115156,-1
115156,-1
115156,-1
115468,77.78174593052023
115625,-1
115625,277.1826309768721
115781,-1
115937,77.78174593052023
116093,-1
116250,65.40639132514966
116250,554.3652619537442
116250,1244.5079348883237
116250,77.78174593052023
116406,-1
116406,-1
116406,-1
116406,-1
116718,77.78174593052023
116875,-1
116875,277.1826309768721
117031,-1
117187,77.78174593052023
117343,-1
117500,1244.5079348883237
117500,587.3295358348153
117500,65.40639132514966
117500,77.78174593052023
117656,-1
117656,-1
117656,-1
117656,-1
117968,77.78174593052023
118125,-1
118125,277.1826309768721
118281,-1
118437,77.78174593052023
118593,-1
118750,65.40639132514966
118750,1244.5079348883237
118750,554.3652619537442
118750,77.78174593052023
118906,-1
118906,-1
118906,-1
118906,-1
119218,77.78174593052023
119375,-1
119375,277.1826309768721
119531,-1
119687,77.78174593052023
119843,-1
120000,1244.5079348883237
120000,65.40639132514966
120000,587.3295358348153
120000,77.78174593052023
120156,-1
120156,-1
120156,-1
120156,-1
120468,77.78174593052023
120625,-1
120625,277.1826309768721
120781,-1
120937,77.78174593052023
121093,-1
121250,77.78174593052023
121250,1244.5079348883237
121250,65.40639132514966
121250,554.3652619537442
121406,-1
121406,-1
121406,-1
121406,-1
121718,77.78174593052023
121875,-1
121875,277.1826309768721
122031,-1
122187,77.78174593052023
122343,-1
122500,1244.5079348883237
122500,587.3295358348153
122500,65.40639132514966
122500,77.78174593052023
122656,-1
122656,-1
122656,-1
122656,-1
122968,77.78174593052023
123125,-1
123125,277.1826309768721
123281,-1
123437,77.78174593052023
123593,-1
123750,65.40639132514966
123750,554.3652619537442
123750,77.78174593052023
123750,1244.5079348883237
123906,-1
123906,-1
123906,-1
123906,-1
124218,77.78174593052023
124375,-1
124375,277.1826309768721
124531,-1
124687,77.78174593052023
124843,-1
125000,587.3295358348153
125000,1244.5079348883237
125000,65.40639132514966
125000,77.78174593052023
125156,-1
125156,-1
125156,-1
125156,-1
125468,77.78174593052023
125625,-1
125625,277.1826309768721
125781,-1
125937,77.78174593052023
126093,-1
126250,65.40639132514966
126250,554.3652619537442
126250,1244.5079348883237
126250,77.78174593052023
126406,-1
126406,-1
126406,-1
126406,-1
126718,77.78174593052023
126875,-1
126875,277.1826309768721
127031,-1
127187,77.78174593052023
127343,-1
127500,587.3295358348153
127500,65.40639132514966
127500,1244.5079348883237
127500,77.78174593052023
127656,-1
127656,-1
127656,-1
127656,-1
130000,1244.5079348883237
130000,587.3295358348153
130000,65.40639132514966
130000,77.78174593052023
130156,-1
130156,-1
130156,-1
130156,-1
130468,77.78174593052023
130625,-1
130625,277.1826309768721
130781,-1
130937,77.78174593052023
131093,-1
131250,77.78174593052023
131250,1244.5079348883237
131250,554.3652619537442
131250,65.40639132514966
131406,-1
131406,-1
131406,-1
131406,-1
131718,77.78174593052023
131875,-1
131875,277.1826309768721
132031,-1
132187,77.78174593052023
132343,-1
132500,65.40639132514966
132500,587.3295358348153
132500,1244.5079348883237
132500,77.78174593052023
132656,-1
132656,-1
132656,-1
132656,-1
132968,77.78174593052023
133125,-1
133125,277.1826309768721
133281,-1
133437,77.78174593052023
133593,-1
133750,554.3652619537442
133750,77.78174593052023
133750,65.40639132514966
133750,1244.5079348883237
133906,-1
133906,-1
133906,-1
133906,-1
134218,77.78174593052023
134375,-1
134375,277.1826309768721
134531,-1
134687,77.78174593052023
134843,-1
135000,65.40639132514966
135000,587.3295358348153
135000,1244.5079348883237
135000,77.78174593052023
135156,-1
135156,-1
135156,-1
135156,-1
135468,77.78174593052023
135625,-1
135625,277.1826309768721
135781,-1
135937,77.78174593052023
136093,-1
136250,65.40639132514966
136250,554.3652619537442
136250,1244.5079348883237
136250,77.78174593052023
136406,-1
136406,-1
136406,-1
136406,-1
136718,77.78174593052023
136875,-1
136875,277.1826309768721
137031,-1
137187,77.78174593052023
137343,-1
137500,1244.5079348883237
137500,587.3295358348153
137500,65.40639132514966
137500,77.78174593052023
137656,-1
137656,-1
137656,-1
137656,-1
137968,77.78174593052023
138125,-1
138125,277.1826309768721
138281,-1
138437,77.78174593052023
138593,-1
138750,65.40639132514966
138750,1244.5079348883237
138750,554.3652619537442
138750,77.78174593052023
138906,-1
138906,-1
138906,-1
138906,-1
139218,77.78174593052023
139375,-1
139375,277.1826309768721
139531,-1
139687,77.78174593052023
139843,-1
140000,1244.5079348883237
140000,65.40639132514966
140000,587.3295358348153
140000,77.78174593052023
140156,-1
140156,-1
140156,-1
140156,-1
140468,77.78174593052023
140625,-1
140625,277.1826309768721
140781,-1
140937,77.78174593052023
141093,-1
141250,77.78174593052023
141250,1244.5079348883237
141250,65.40639132514966
141250,554.3652619537442
141406,-1
141406,-1
141406,-1
141406,-1
141718,77.78174593052023
141875,-1
141875,277.1826309768721
142031,-1
142187,77.78174593052023
142343,-1
142500,1244.5079348883237
142500,587.3295358348153
142500,65.40639132514966
142500,77.78174593052023
142656,-1
142656,-1
142656,-1
142656,-1
142968,77.78174593052023
143125,-1
143125,277.1826309768721
143281,-1
143437,77.78174593052023
143593,-1
143750,65.40639132514966
143750,554.3652619537442
143750,77.78174593052023
143750,1244.5079348883237
143906,-1
143906,-1
143906,-1
143906,-1
144218,77.78174593052023
144375,-1
144375,277.1826309768721
144531,-1
144687,77.78174593052023
144843,-1
145000,587.3295358348153
145000,1244.5079348883237
145000,65.40639132514966
145000,77.78174593052023
145156,-1
145156,-1
145156,-1
145156,-1
145468,77.78174593052023
145625,-1
145625,277.1826309768721
145781,-1
145937,77.78174593052023
146093,-1
146250,65.40639132514966
146250,554.3652619537442
146250,1244.5079348883237
146250,77.78174593052023
146406,-1
146406,-1
146406,-1
146406,-1
146718,77.78174593052023
146875,-1
146875,277.1826309768721
147031,-1
147187,77.78174593052023
147343,-1
147500,587.3295358348153
147500,65.40639132514966
147500,1244.5079348883237
147500,77.78174593052023
147656,-1
147656,-1
147656,-1
147656,-1
147968,77.78174593052023
148125,-1
148125,277.1826309768721
148281,-1
148437,77.78174593052023
148593,-1
148750,1244.5079348883237
148750,65.40639132514966
148750,554.3652619537442
148750,77.78174593052023
148906,-1
148906,-1
148906,-1
148906,-1
149218,77.78174593052023
149375,-1
149375,277.1826309768721
149531,-1
149687,77.78174593052023
149843,-1
150000,77.78174593052023
150000,1244.5079348883237
150000,587.3295358348153
150000,65.40639132514966
150156,-1
150156,-1
150156,-1
150156,-1
150468,77.78174593052023
150468,65.40639132514966
150625,-1
150625,-1
150625,277.1826309768721
150781,-1
150937,77.78174593052023
150937,82.4068892282175
151093,-1
151093,-1
151250,1244.5079348883237
151250,554.3652619537442
151250,65.40639132514966
151250,77.78174593052023
151406,-1
151406,-1
151406,-1
151406,-1
151718,77.78174593052023
151718,65.40639132514966
151875,-1
151875,-1
151875,277.1826309768721
152031,-1
152187,77.78174593052023
152187,82.4068892282175
152343,-1
152343,-1
152500,1244.5079348883237
152500,65.40639132514966
152500,587.3295358348153
152500,77.78174593052023
152656,-1
152656,-1
152656,-1
152656,-1
152968,77.78174593052023
152968,65.40639132514966
153125,-1
153125,-1
153125,277.1826309768721
153281,-1
153437,82.4068892282175
153437,77.78174593052023
153593,-1
153593,-1
153750,554.3652619537442
153750,77.78174593052023
153750,1244.5079348883237
153750,65.40639132514966
153906,-1
153906,-1
153906,-1
153906,-1
154218,77.78174593052023
154218,65.40639132514966
154375,-1
154375,-1
154375,277.1826309768721
154531,-1
154687,82.4068892282175
154687,77.78174593052023
154843,-1
154843,-1
155000,587.3295358348153
155000,65.40639132514966
155000,1244.5079348883237
155000,77.78174593052023
155156,-1
155156,-1
155156,-1
155156,-1
155468,65.40639132514966
155468,77.78174593052023
155625,-1
155625,-1
155625,277.1826309768721
155781,-1
155937,77.78174593052023
155937,82.4068892282175
156093,-1
156093,-1
156250,65.40639132514966
156250,1244.5079348883237
156250,77.78174593052023
156250,554.3652619537442
156406,-1
156406,-1
156406,-1
156406,-1
156718,65.40639132514966
156718,77.78174593052023
156875,-1
156875,-1
156875,277.1826309768721
157031,-1
157187,77.78174593052023
157187,82.4068892282175
157343,-1
157343,-1
157500,1244.5079348883237
157500,587.3295358348153
157500,65.40639132514966
157500,77.78174593052023
157656,-1
157656,-1
157656,-1
157656,-1
157968,65.40639132514966
157968,77.78174593052023
158125,-1
158125,-1
158125,277.1826309768721
158281,-1
158437,77.78174593052023
158437,82.4068892282175
158593,-1
158593,-1
158750,1244.5079348883237
158750,77.78174593052023
158750,65.40639132514966
158750,554.3652619537442
158906,-1
158906,-1
158906,-1
158906,-1
159218,65.40639132514966
159218,77.78174593052023
159375,-1
159375,-1
159375,277.1826309768721
159375,82.4068892282175
159531,-1
159531,-1
159531,82.4068892282175
159687,-1
159687,82.4068892282175
159687,77.78174593052023
159843,-1
159843,-1
159843,82.4068892282175
160000,-1
160000,1244.5079348883237
160000,587.3295358348153
160000,77.78174593052023
160000,65.40639132514966
160156,-1
160156,-1
160156,-1
160156,-1
160468,77.78174593052023
160468,65.40639132514966
160625,-1
160625,-1
160625,277.1826309768721
160781,-1
160937,82.4068892282175
160937,77.78174593052023
161093,-1
161093,-1
161250,77.78174593052023
161250,554.3652619537442
161250,65.40639132514966
161250,1244.5079348883237
161406,-1
161406,-1
161406,-1
161406,-1
161718,77.78174593052023
161718,65.40639132514966
161875,-1
161875,-1
161875,277.1826309768721
162031,-1
162187,82.4068892282175
162187,77.78174593052023
162343,-1
162343,-1
162500,65.40639132514966
162500,587.3295358348153
162500,1244.5079348883237
162500,77.78174593052023
162656,-1
162656,-1
162656,-1
162656,-1
162968,65.40639132514966
162968,77.78174593052023
163125,-1
163125,-1
163125,277.1826309768721
163281,-1
163437,77.78174593052023
163437,82.4068892282175
163593,-1
163593,-1
163750,1244.5079348883237
163750,554.3652619537442
163750,65.40639132514966
163750,77.78174593052023
163906,-1
163906,-1
163906,-1
163906,-1
164218,65.40639132514966
164218,77.78174593052023
164375,-1
164375,-1
164375,277.1826309768721
164531,-1
164687,82.4068892282175
164687,77.78174593052023
164843,-1
164843,-1
165000,65.40639132514966
165000,1244.5079348883237
165000,77.78174593052023
165000,587.3295358348153
165156,-1
165156,-1
165156,-1
165156,-1
165468,77.78174593052023
165468,65.40639132514966
165625,-1
165625,-1
165625,277.1826309768721
165781,-1
165937,82.4068892282175
165937,77.78174593052023
166093,-1
166093,-1
166250,1244.5079348883237
166250,65.40639132514966
166250,554.3652619537442
166250,77.78174593052023
166406,-1
166406,-1
166406,-1
166406,-1
166718,77.78174593052023
166718,65.40639132514966
166875,-1
166875,-1
166875,277.1826309768721
167031,-1
167187,77.78174593052023
167187,82.4068892282175
167343,-1
167343,-1
167500,77.78174593052023
167500,587.3295358348153
167500,1244.5079348883237
167500,65.40639132514966
167656,-1
167656,-1
167656,-1
167656,-1
167968,65.40639132514966
167968,77.78174593052023
168125,-1
168125,-1
168125,277.1826309768721
168281,-1
168437,82.4068892282175
168437,77.78174593052023
168593,-1
168593,-1
168750,554.3652619537442
168750,65.40639132514966
168750,77.78174593052023
168750,1244.5079348883237
168906,-1
168906,-1
168906,-1
168906,-1
169218,77.78174593052023
169218,65.40639132514966
169375,-1
169375,-1
169375,277.1826309768721
169375,82.4068892282175
169531,-1
169531,-1
169531,82.4068892282175
169687,-1
169687,82.4068892282175
169687,77.78174593052023
169843,-1
169843,-1
169843,82.4068892282175
170000,-1
170000,77.78174593052023
170156,-1
170468,77.78174593052023
170625,-1
170937,77.78174593052023
171093,-1
171250,77.78174593052023
171406,-1
171718,77.78174593052023
171875,-1
172187,77.78174593052023
172343,-1
172500,77.78174593052023
172656,-1
172968,77.78174593052023
173125,-1
173437,77.78174593052023
173593,-1
173750,77.78174593052023
173906,-1
174218,77.78174593052023
174375,-1
174687,77.78174593052023
174843,-1
175000,77.78174593052023
175156,-1
175468,77.78174593052023
175625,-1
175937,77.78174593052023
176093,-1
176250,77.78174593052023
176406,-1
176718,77.78174593052023
176875,-1
177187,77.78174593052023
177343,-1
177500,77.78174593052023
177656,-1
177968,77.78174593052023
178125,-1
178437,77.78174593052023
178593,-1
178750,77.78174593052023
178906,-1
179218,77.78174593052023
179375,-1
179687,77.78174593052023
179843,-1
180000,65.40639132514966
180000,77.78174593052023
180156,-1
180156,-1
180468,77.78174593052023
180625,-1
180625,277.1826309768721
180781,-1
180937,77.78174593052023
181093,-1
181250,65.40639132514966
181250,77.78174593052023
181406,-1
181406,-1
181718,77.78174593052023
181875,-1
181875,277.1826309768721
182031,-1
182187,77.78174593052023
182343,-1
182500,77.78174593052023
182500,65.40639132514966
182656,-1
182656,-1
182968,77.78174593052023
183125,-1
183125,277.1826309768721
183281,-1
183437,77.78174593052023
183593,-1
183750,65.40639132514966
183750,77.78174593052023
183906,-1
183906,-1
184218,77.78174593052023
184375,-1
184375,277.1826309768721
184531,-1
184687,77.78174593052023
184843,-1
185000,77.78174593052023
185000,65.40639132514966
185156,-1
185156,-1
185468,77.78174593052023
185625,-1
185625,277.1826309768721
185781,-1
185937,77.78174593052023
186093,-1
186250,65.40639132514966
186250,77.78174593052023
186406,-1
186406,-1
186718,77.78174593052023
186875,-1
186875,277.1826309768721
187031,-1
187187,77.78174593052023
187343,-1
190000,77.78174593052023
190000,1244.5079348883237
190000,587.3295358348153
190000,65.40639132514966
190156,-1
190156,-1
190156,-1
190156,-1
190468,77.78174593052023
190468,65.40639132514966
190625,-1
190625,-1
190625,277.1826309768721
190781,-1
190937,77.78174593052023
190937,82.4068892282175
191093,-1
191093,-1
191250,1244.5079348883237
191250,554.3652619537442
191250,65.40639132514966
191250,77.78174593052023
191406,-1
191406,-1
191406,-1
191406,-1
191718,77.78174593052023
191718,65.40639132514966
191875,-1
191875,-1
191875,277.1826309768721
192031,-1
192187,77.78174593052023
192187,82.4068892282175
192343,-1
192343,-1
192500,1244.5079348883237
192500,65.40639132514966
192500,587.3295358348153
192500,77.78174593052023
192656,-1
192656,-1
192656,-1
192656,-1
192968,77.78174593052023
192968,65.40639132514966
193125,-1
193125,-1
193125,277.1826309768721
193281,-1
193437,82.4068892282175
193437,77.78174593052023
193593,-1
193593,-1
193750,554.3652619537442
193750,77.78174593052023
193750,1244.5079348883237
193750,65.40639132514966
193906,-1
193906,-1
193906,-1
193906,-1
194218,77.78174593052023
194218,65.40639132514966
194375,-1
194375,-1
194375,277.1826309768721
194531,-1
194687,82.4068892282175
194687,77.78174593052023
194843,-1
194843,-1
195000,587.3295358348153
195000,65.40639132514966
195000,1244.5079348883237
195000,77.78174593052023
195156,-1
195156,-1
195156,-1
195156,-1
195468,65.40639132514966
195468,77.78174593052023
195625,-1
195625,-1
195625,277.1826309768721
195781,-1
195937,77.78174593052023
195937,82.4068892282175
196093,-1
196093,-1
196250,65.40639132514966
196250,1244.5079348883237
196250,77.78174593052023
196250,554.3652619537442
196406,-1
196406,-1
196406,-1
196406,-1
196718,65.40639132514966
196718,77.78174593052023
196875,-1
196875,-1
196875,277.1826309768721
197031,-1
197187,77.78174593052023
197187,82.4068892282175
197343,-1
197343,-1
197500,1244.5079348883237
197500,587.3295358348153
197500,65.40639132514966
197500,77.78174593052023
197656,-1
197656,-1
197656,-1
197656,-1
197968,65.40639132514966
197968,77.78174593052023
198125,-1
198125,-1
198125,277.1826309768721
198281,-1
198437,77.78174593052023
198437,82.4068892282175
198593,-1
198593,-1
198750,1244.5079348883237
198750,77.78174593052023
198750,65.40639132514966
198750,554.3652619537442
198906,-1
198906,-1
198906,-1
198906,-1
199218,65.40639132514966
199218,77.78174593052023
199375,-1
199375,-1
199375,277.1826309768721
199375,82.4068892282175
199531,-1
199531,-1
199531,82.4068892282175
199687,-1
199687,82.4068892282175
199687,77.78174593052023
199843,-1
199843,-1
199843,82.4068892282175
200000,-1
200000,1244.5079348883237
200000,587.3295358348153
200000,77.78174593052023
200000,65.40639132514966
200156,-1
200156,-1
200156,-1
200156,-1
200468,77.78174593052023
200468,65.40639132514966
200625,-1
200625,-1
200625,277.1826309768721
200781,-1
200937,82.4068892282175
200937,77.78174593052023
201093,-1
201093,-1
201250,77.78174593052023
201250,554.3652619537442
201250,65.40639132514966
201250,1244.5079348883237
201406,-1
201406,-1
201406,-1
201406,-1
201718,77.78174593052023
201718,65.40639132514966
201875,-1
201875,-1
201875,277.1826309768721
202031,-1
202187,82.4068892282175
202187,77.78174593052023
202343,-1
202343,-1
202500,65.40639132514966
202500,587.3295358348153
202500,1244.5079348883237
202500,77.78174593052023
202656,-1
202656,-1
202656,-1
202656,-1
202968,65.40639132514966
202968,77.78174593052023
203125,-1
203125,-1
203125,277.1826309768721
203281,-1
203437,77.78174593052023
203437,82.4068892282175
203593,-1
203593,-1
203750,1244.5079348883237
203750,554.3652619537442
203750,65.40639132514966
203750,77.78174593052023
203906,-1
203906,-1
203906,-1
203906,-1
204218,65.40639132514966
204218,77.78174593052023
204375,-1
204375,-1
204375,277.1826309768721
204531,-1
204687,82.4068892282175
204687,77.78174593052023
204843,-1
204843,-1
205000,65.40639132514966
205000,1244.5079348883237
205000,77.78174593052023
205000,587.3295358348153
205156,-1
205156,-1
205156,-1
205156,-1
205468,77.78174593052023
205468,65.40639132514966
205625,-1
205625,-1
205625,277.1826309768721
205781,-1
205937,82.4068892282175
205937,77.78174593052023
206093,-1
206093,-1
206250,1244.5079348883237
206250,65.40639132514966
206250,554.3652619537442
206250,77.78174593052023
206406,-1
206406,-1
206406,-1
206406,-1
206718,77.78174593052023
206718,65.40639132514966
206875,-1
206875,-1
206875,277.1826309768721
207031,-1
207187,77.78174593052023
207187,82.4068892282175
207343,-1
207343,-1
207500,77.78174593052023
207500,587.3295358348153
207500,1244.5079348883237
207500,65.40639132514966
207656,-1
207656,-1
207656,-1
207656,-1
207968,65.40639132514966
207968,77.78174593052023
208125,-1
208125,-1
208125,277.1826309768721
208281,-1
208437,82.4068892282175
208437,77.78174593052023
208593,-1
208593,-1
208750,554.3652619537442
208750,65.40639132514966
208750,77.78174593052023
208750,1244.5079348883237
208906,-1
208906,-1
208906,-1
208906,-1
209218,77.78174593052023
209218,65.40639132514966
209375,-1
209375,-1
209375,277.1826309768721
209375,82.4068892282175
209531,-1
209531,-1
209531,82.4068892282175
209687,-1
209687,82.4068892282175
209687,77.78174593052023
209843,-1
209843,-1
209843,82.4068892282175
210000,-1
210000,77.78174593052023
210000,1244.5079348883237
210000,587.3295358348153
210000,65.40639132514966
210156,-1
210156,-1
210156,-1
210156,-1
210468,77.78174593052023
210468,65.40639132514966
210625,-1
210625,-1
210625,277.1826309768721
210781,-1
210937,77.78174593052023
210937,82.4068892282175
211093,-1
211093,-1
211250,1244.5079348883237
211250,554.3652619537442
211250,65.40639132514966
211250,77.78174593052023
211406,-1
211406,-1
211406,-1
211406,-1
211718,77.78174593052023
211718,65.40639132514966
211875,-1
211875,-1
211875,277.1826309768721
212031,-1
212187,77.78174593052023
212187,82.4068892282175
212343,-1
212343,-1
212500,1244.5079348883237
212500,65.40639132514966
212500,587.3295358348153
212500,77.78174593052023
212656,-1
212656,-1
212656,-1
212656,-1
212968,77.78174593052023
212968,65.40639132514966
213125,-1
213125,-1
213125,277.1826309768721
213281,-1
213437,82.4068892282175
213437,77.78174593052023
213593,-1
213593,-1
213750,554.3652619537442
213750,77.78174593052023
213750,1244.5079348883237
213750,65.40639132514966
213906,-1
213906,-1
213906,-1
213906,-1
214218,77.78174593052023
214218,65.40639132514966
214375,-1
214375,-1
214375,277.1826309768721
214531,-1
214687,82.4068892282175
214687,77.78174593052023
214843,-1
214843,-1
215000,587.3295358348153
215000,65.40639132514966
215000,1244.5079348883237
215000,77.78174593052023
215156,-1
215156,-1
215156,-1
215156,-1
215468,65.40639132514966
215468,77.78174593052023
215625,-1
215625,-1
215625,277.1826309768721
215781,-1
215937,77.78174593052023
215937,82.4068892282175
216093,-1
216093,-1
216250,65.40639132514966
216250,1244.5079348883237
216250,77.78174593052023
216250,554.3652619537442
216406,-1
216406,-1
216406,-1
216406,-1
216718,65.40639132514966
216718,77.78174593052023
216875,-1
216875,-1
216875,277.1826309768721
217031,-1
217187,77.78174593052023
217187,82.4068892282175
217343,-1
217343,-1
217500,1244.5079348883237
217500,587.3295358348153
217500,65.40639132514966
217500,77.78174593052023
217656,-1
217656,-1
217656,-1
217656,-1
217968,65.40639132514966
217968,77.78174593052023
218125,-1
218125,-1
218125,277.1826309768721
218281,-1
218437,77.78174593052023
218437,82.4068892282175
218593,-1
218593,-1
218750,1244.5079348883237
218750,77.78174593052023
218750,65.40639132514966
218750,554.3652619537442
218906,-1
218906,-1
218906,-1
218906,-1
219218,65.40639132514966
219218,77.78174593052023
219375,-1
219375,-1
219375,277.1826309768721
219375,82.4068892282175
219531,-1
219531,-1
219531,82.4068892282175
219687,-1
219687,82.4068892282175
219687,77.78174593052023
219843,-1
219843,-1
219843,82.4068892282175
220000,-1
220000,1244.5079348883237
220000,587.3295358348153
220000,77.78174593052023
220000,65.40639132514966
220156,-1
220156,-1
220156,-1
220156,-1
220468,77.78174593052023
220468,65.40639132514966
220625,-1
220625,-1
220625,277.1826309768721
220781,-1
220937,82.4068892282175
220937,77.78174593052023
221093,-1
221093,-1
221250,77.78174593052023
221250,554.3652619537442
221250,65.40639132514966
221250,1244.5079348883237
221406,-1
221406,-1
221406,-1
221406,-1
221718,77.78174593052023
221718,65.40639132514966
221875,-1
221875,-1
221875,277.1826309768721
222031,-1
222187,82.4068892282175
222187,77.78174593052023
222343,-1
222343,-1
222500,65.40639132514966
222500,587.3295358348153
222500,1244.5079348883237
222500,77.78174593052023
222656,-1
222656,-1
222656,-1
222656,-1
222968,65.40639132514966
222968,77.78174593052023
223125,-1
223125,-1
223125,277.1826309768721
223281,-1
223437,77.78174593052023
223437,82.4068892282175
223593,-1
223593,-1
223750,1244.5079348883237
223750,554.3652619537442
223750,65.40639132514966
223750,77.78174593052023
223906,-1
223906,-1
223906,-1
223906,-1
224218,65.40639132514966
224218,77.78174593052023
224375,-1
224375,-1
224375,277.1826309768721
224531,-1
224687,82.4068892282175
224687,77.78174593052023
224843,-1
224843,-1
225000,65.40639132514966
225000,1244.5079348883237
225000,77.78174593052023
225000,587.3295358348153
225156,-1
225156,-1
225156,-1
225156,-1
225468,77.78174593052023
225468,65.40639132514966
225625,-1
225625,-1
225625,277.1826309768721
225781,-1
225937,82.4068892282175
225937,77.78174593052023
226093,-1
226093,-1
226250,1244.5079348883237
226250,65.40639132514966
226250,554.3652619537442
226250,77.78174593052023
226406,-1
226406,-1
226406,-1
226406,-1
226718,77.78174593052023
226718,65.40639132514966
226875,-1
226875,-1
226875,277.1826309768721
227031,-1
227187,77.78174593052023
227187,82.4068892282175
227343,-1
227343,-1
227500,77.78174593052023
227500,587.3295358348153
227500,1244.5079348883237
227500,65.40639132514966
227656,-1
227656,-1
227656,-1
227656,-1
227968,65.40639132514966
227968,77.78174593052023
228125,-1
228125,-1
228125,277.1826309768721
228281,-1
228437,82.4068892282175
228437,77.78174593052023
228593,-1
228593,-1
228750,554.3652619537442
228750,65.40639132514966
228750,77.78174593052023
228750,1244.5079348883237
228906,-1
228906,-1
228906,-1
228906,-1